305	1.67823	0
315	1.67585	0
325	1.67369	0
335	1.67172	0
345	1.66992	0
355	1.66827	0
365	1.66675	0
375	1.66536	0
385	1.66407	0
395	1.66287	0
405	1.66177	0
415	1.66074	0
425	1.65979	0
435	1.6589	0
445	1.65806	0
455	1.65729	0
465	1.65656	0
475	1.65588	0
485	1.65524	0
495	1.65464	0
505	1.65407	0
515	1.65354	0
525	1.65304	0
535	1.65256	0
545	1.65211	0
555	1.65169	0
565	1.65128	0
575	1.6509	0
585	1.65054	0
595	1.65019	0
605	1.64987	0
615	1.64955	0
625	1.64926	0
635	1.64897	0
645	1.6487	0
655	1.64845	0
665	1.6482	0
675	1.64796	0
685	1.64774	0
695	1.64752	0
705	1.64732	0
715	1.64712	0
725	1.64693	0
735	1.64675	0
745	1.64657	0
755	1.64641	0
765	1.64625	0
775	1.64609	0
785	1.64594	0
795	1.6458	0
805	1.64566	0
815	1.64553	0
825	1.6454	0
835	1.64527	0
845	1.64515	0
855	1.64504	0
865	1.64493	0
875	1.64482	0
885	1.64472	0
895	1.64462	0
905	1.64452	0
915	1.64443	0
925	1.64433	0
935	1.64425	0
945	1.64416	0
955	1.64408	0
965	1.644	0
975	1.64392	0
985	1.64385	0
995	1.64377	0
1005	1.6437	0
1015	1.64363	0
1025	1.64357	0
1035	1.6435	0
1045	1.64344	0
1055	1.64338	0
1065	1.64332	0
1075	1.64326	0
1085	1.64321	0
1095	1.64315	0
1105	1.6431	0
1115	1.64305	0
1125	1.643	0
1135	1.64295	0
1145	1.6429	0
1155	1.64285	0
1165	1.64281	0
1175	1.64276	0
1185	1.64272	0
1195	1.64268	0
1205	1.64264	0
1215	1.6426	0
1225	1.64256	0
1235	1.64252	0
1245	1.64248	0
1255	1.64245	0
1265	1.64241	0
1275	1.64238	0
1285	1.64234	0
1295	1.64231	0
1305	1.64228	0
1315	1.64225	0
1325	1.64222	0
1335	1.64218	0
1345	1.64216	0
1355	1.64213	0
1365	1.6421	0
1375	1.64207	0
1385	1.64204	0
1395	1.64202	0
1405	1.64199	0
1415	1.64197	0
1425	1.64194	0
1435	1.64192	0
1445	1.64189	0
1455	1.64187	0
1465	1.64185	0
1475	1.64183	0
1485	1.6418	0
1495	1.64178	0
1505	1.64176	0
1515	1.64174	0
1525	1.64172	0
1535	1.6417	0
1545	1.64168	0
1555	1.64166	0
1565	1.64164	0
1575	1.64163	0
1585	1.64161	0
1595	1.64159	0
1605	1.64157	0
1615	1.64156	0
1625	1.64154	0
1635	1.64152	0
1645	1.64151	0
1655	1.64149	0
1665	1.64148	0
1675	1.64146	0
1685	1.64145	0
1695	1.64143	0
1705	1.64142	0
1715	1.6414	0
1725	1.64139	0
1735	1.64138	0
1745	1.64136	0
1755	1.64135	0
1765	1.64134	0
1775	1.64132	0
1785	1.64131	0
1795	1.6413	0
1805	1.64129	0
1815	1.64127	0
1825	1.64126	0
1835	1.64125	0
1845	1.64124	0
1855	1.64123	0
1865	1.64122	0
1875	1.64121	0
1885	1.6412	0
1895	1.64119	0
1905	1.64117	0
1915	1.64116	0
1925	1.64115	0
1935	1.64114	0
1945	1.64114	0
1955	1.64113	0
1965	1.64112	0
1975	1.64111	0
1985	1.6411	0
1995	1.64109	0
2005	1.64108	0
2015	1.64107	0
2025	1.64106	0
2035	1.64105	0
2045	1.64105	0
2055	1.64104	0
2065	1.64103	0
2075	1.64102	0
2085	1.64101	0
2095	1.64101	0
2105	1.641005	0
2115	1.641	0
2125	1.640995	0
2135	1.64099	0
2145	1.640985	0
2155	1.64098	0
2165	1.640975	0
2175	1.64097	0
2185	1.640965	0
2195	1.64096	0
2205	1.640955	0
2215	1.64095	0
2225	1.640945	0
2235	1.64094	0
2245	1.640935	0
2255	1.64093	0
2265	1.640925	0
2275	1.64092	0
2285	1.640915	0
2295	1.64091	0
2305	1.640905	0
2315	1.6409	0
2325	1.640895	0
2335	1.64089	0
2345	1.640885	0
2355	1.64088	0
2365	1.640875	0
2375	1.64087	0
2385	1.640865	0
2395	1.64086	0
2405	1.640855	0
2415	1.64085	0
2425	1.640845	0
2435	1.64084	0
2445	1.640835	0
2455	1.64083	0
2465	1.640825	0
2475	1.64082	0
2485	1.640815	0
2495	1.64081	0
2505	1.640805	0
2515	1.6408	0
2525	1.640795	0
2535	1.64079	0
2545	1.640785	0
2555	1.64078	0
2565	1.640775	0
2575	1.64077	0
2585	1.640765	0
2595	1.64076	0
2605	1.640755	0
2615	1.64075	0
2625	1.640745	0
2635	1.64074	0
2645	1.640735	0
2655	1.64073	0
2665	1.640725	0
2675	1.64072	0
2685	1.640715	0
2695	1.64071	0
2705	1.640705	0
2715	1.6407	0
2725	1.640695	0
2735	1.64069	0
2745	1.640685	0
2755	1.64068	0
2765	1.640675	0
2775	1.64067	0
2785	1.640665	0
2795	1.64066	0
2805	1.640655	0
2815	1.64065	0
2825	1.640645	0
2835	1.64064	0
2845	1.640635	0
2855	1.64063	0
2865	1.640625	0
2875	1.64062	0
2885	1.640615	0
2895	1.64061	0
2905	1.640605	0
2915	1.6406	0
2925	1.640595	0
2935	1.64059	0
2945	1.640585	0
2955	1.64058	0
2965	1.640575	0
2975	1.64057	0
2985	1.640565	0
2995	1.64056	0
3005	1.640555	0
3015	1.64055	0
3025	1.640545	0
3035	1.64054	0
3045	1.640535	0
3055	1.64053	0
3065	1.640525	0
3075	1.64052	0
3085	1.640515	0
3095	1.64051	0
3105	1.640505	0
3115	1.6405	0
3125	1.640495	0
3135	1.64049	0
3145	1.640485	0
3155	1.64048	0
3165	1.640475	0
3175	1.64047	0
3185	1.640465	0
3195	1.64046	0
3205	1.640455	0
3215	1.64045	0
3225	1.640445	0
3235	1.64044	0
3245	1.640435	0
3255	1.64043	0
3265	1.640425	0
3275	1.64042	0
3285	1.640415	0
3295	1.64041	0
3305	1.640405	0
3315	1.6404	0
3325	1.640395	0
3335	1.64039	0
3345	1.640385	0
3355	1.64038	0
3365	1.640375	0
3375	1.64037	0
3385	1.640365	0
3395	1.64036	0
3405	1.640355	0
3415	1.64035	0
3425	1.640345	0
3435	1.64034	0
3445	1.640335	0
3455	1.64033	0
3465	1.640325	0
3475	1.64032	0
3485	1.640315	0
3495	1.64031	0
3505	1.640305	0
3515	1.6403	0
3525	1.640295	0
3535	1.64029	0
3545	1.640285	0
3555	1.64028	0
3565	1.640275	0
3575	1.64027	0
3585	1.640265	0
3595	1.64026	0
3605	1.640255	0
3615	1.64025	0
3625	1.640245	0
3635	1.64024	0
3645	1.640235	0
3655	1.64023	0
3665	1.640225	0
3675	1.64022	0
3685	1.640215	0
3695	1.64021	0
3705	1.640205	0
3715	1.6402	0
3725	1.640195	0
3735	1.64019	0
3745	1.640185	0
3755	1.64018	0
3765	1.640175	0
3775	1.64017	0
3785	1.640165	0
3795	1.64016	0
3805	1.640155	0
3815	1.64015	0
3825	1.640145	0
3835	1.64014	0
3845	1.640135	0
3855	1.64013	0
3865	1.640125	0
3875	1.64012	0
3885	1.640115	0
3895	1.64011	0
3905	1.640105	0
3915	1.6401	0
3925	1.640095	0
3935	1.64009	0
3945	1.640085	0
3955	1.64008	0
3965	1.640075	0
3975	1.64007	0
3985	1.640065	0
3995	1.64006	0
4005	1.640055	0
4015	1.64005	0
4025	1.640045	0
4035	1.64004	0
4045	1.640035	0
4055	1.64003	0
4065	1.640025	0
4075	1.64002	0
4085	1.640015	0
4095	1.64001	0
4105	1.640005	0
4115	1.64	0
4125	1.639995	0
4135	1.63999	0
4145	1.639985	0
4155	1.63998	0
4165	1.639975	0
4175	1.63997	0
4185	1.639965	0
4195	1.63996	0
4205	1.639955	0
4215	1.63995	0
4225	1.639945	0
4235	1.63994	0
4245	1.639935	0
4255	1.63993	0
4265	1.639925	0
4275	1.63992	0
4285	1.639915	0
4295	1.63991	0
4305	1.639905	0
4315	1.6399	0
4325	1.639895	0
4335	1.63989	0
4345	1.639885	0
4355	1.63988	0
4365	1.639875	0
4375	1.63987	0
4385	1.639865	0
4395	1.63986	0
4405	1.639855	0
4415	1.63985	0
4425	1.639845	0
4435	1.63984	0
4445	1.639835	0
4455	1.63983	0
4465	1.639825	0
4475	1.63982	0
4485	1.639815	0
4495	1.63981	0
4505	1.639805	0
4515	1.6398	0
4525	1.639795	0
4535	1.63979	0
4545	1.639785	0
4555	1.63978	0
4565	1.639775	0
4575	1.63977	0
4585	1.639765	0
4595	1.63976	0
4605	1.639755	0
4615	1.63975	0
4625	1.639745	0
4635	1.63974	0
4645	1.639735	0
4655	1.63973	0
4665	1.639725	0
4675	1.63972	0
4685	1.639715	0
4695	1.63971	0
4705	1.639705	0
4715	1.6397	0
4725	1.639695	0
4735	1.63969	0
4745	1.639685	0
4755	1.63968	0
4765	1.639675	0
4775	1.63967	0
4785	1.639665	0
4795	1.63966	0
4805	1.639655	0
4815	1.63965	0
4825	1.639645	0
4835	1.63964	0
4845	1.639635	0
4855	1.63963	0
4865	1.639625	0
4875	1.63962	0
4885	1.639615	0
4895	1.63961	0
4905	1.639605	0
4915	1.6396	0
4925	1.639595	0
4935	1.63959	0
4945	1.639585	0
4955	1.63958	0
4965	1.639575	0
4975	1.63957	0
4985	1.639565	0
4995	1.63956	0
5005	1.639555	0
5015	1.63955	0
5025	1.639545	0
5035	1.63954	0
5045	1.639535	0
5055	1.63953	0
5065	1.639525	0
5075	1.63952	0
5085	1.639515	0
5095	1.63951	0
5105	1.639505	0
5115	1.6395	0
5125	1.639495	0
5135	1.63949	0
5145	1.639485	0
5155	1.63948	0
5165	1.639475	0
5175	1.63947	0
5185	1.639465	0
5195	1.63946	0
5205	1.639455	0
5215	1.63945	0
5225	1.639445	0
5235	1.63944	0
5245	1.639435	0
5255	1.63943	0
5265	1.639425	0
5275	1.63942	0
5285	1.639415	0
5295	1.63941	0
5305	1.639405	0
5315	1.6394	0
5325	1.639395	0
5335	1.63939	0
5345	1.639385	0
5355	1.63938	0
5365	1.639375	0
5375	1.63937	0
5385	1.639365	0
5395	1.63936	0
5405	1.639355	0
5415	1.63935	0
5425	1.639345	0
5435	1.63934	0
5445	1.639335	0
5455	1.63933	0
5465	1.639325	0
5475	1.63932	0
5485	1.639315	0
5495	1.63931	0
5505	1.639305	0
5515	1.6393	0
5525	1.639295	0
5535	1.63929	0
5545	1.639285	0
5555	1.63928	0
5565	1.639275	0
5575	1.63927	0
5585	1.639265	0
5595	1.63926	0
5605	1.639255	0
5615	1.63925	0
5625	1.639245	0
5635	1.63924	0
5645	1.639235	0
5655	1.63923	0
5665	1.639225	0
5675	1.63922	0
5685	1.639215	0
5695	1.63921	0
5705	1.639205	0
5715	1.6392	0
5725	1.639195	0
5735	1.63919	0
5745	1.639185	0
5755	1.63918	0
5765	1.639175	0
5775	1.63917	0
5785	1.639165	0
5795	1.63916	0
5805	1.639155	0
5815	1.63915	0
5825	1.639145	0
5835	1.63914	0
5845	1.639135	0
5855	1.63913	0
5865	1.639125	0
5875	1.63912	0
5885	1.639115	0
5895	1.63911	0
5905	1.639105	0
5915	1.6391	0
5925	1.639095	0
5935	1.63909	0
5945	1.639085	0
5955	1.63908	0
5965	1.639075	0
5975	1.63907	0
5985	1.639065	0
5995	1.63906	0
6005	1.639055	0
6015	1.63905	0
