  0.300000  0.600000     0.850000       1700.000000   9     0.5914958975  1.3968993039e+05
  0.400000  0.600000     0.800000       1700.000000   9     0.5914588955  1.5276685104e+05
  0.450000  0.600000     0.800000       1700.000000   9     0.5914129545  1.6019867129e+05
  0.450000  0.650000     0.750000       1700.000000   9     0.5912029103  1.6059644749e+05
  0.500000  0.600000     0.800000       1700.000000   9     0.5906427709  1.6870450597e+05
  0.500000  0.650000     0.750000       1700.000000   9     0.5903218311  1.6898268353e+05
  0.550000  0.600000     0.800000       1700.000000   9     0.5886504676  1.7825767641e+05
  0.550000  0.650000     0.750000       1700.000000   9     0.5881280920  1.7839711385e+05
  0.600000  0.650000     0.700000       1700.000000   9     0.5853062653  1.8880026979e+05
  0.650000  0.600000     0.750000       1700.000000   9     0.5801647603  2.0008088984e+05
  0.700000  0.600000     0.750000       1700.000000   9     0.5713673407  2.1122347367e+05
  0.750000  0.600000     0.600000       1700.000000   6     0.4230716755  2.3219613035e+05
  0.750000  0.600000     0.650000       1700.000000   6     0.4230716755  2.3219613035e+05
  0.750000  0.600000     0.700000       1700.000000   6     0.4230716755  2.3219613035e+05
  0.750000  0.600000     0.750000       1700.000000   6     0.4230716755  2.3219613035e+05
  0.750000  0.600000     0.750000       1700.000000   9     0.5574523917  2.2088722590e+05
  0.750000  0.600000     0.800000       1700.000000   6     0.4230716755  2.3219613035e+05
  0.750000  0.600000     0.850000       1700.000000   6     0.4230716755  2.3219613035e+05
  0.750000  0.600000     0.900000       1700.000000   6     0.4230716755  2.3219613035e+05
  0.750000  0.600000     0.950000       1700.000000   6     0.4230716755  2.3219613035e+05
  0.750000  0.600000     1.000000       1700.000000   6     0.4230716755  2.3219613035e+05
  0.750000  0.600000     1.050000       1700.000000   6     0.4230716755  2.3219613035e+05
  0.750000  0.600000     1.100000       1700.000000   6     0.4230716755  2.3219613035e+05
  0.750000  0.600000     1.150000       1700.000000   6     0.4230716755  2.3219613035e+05
  0.750000  0.600000     1.200000       1700.000000   6     0.4230716755  2.3219613035e+05
  0.750000  0.600000     1.250000       1700.000000   6     0.4230716755  2.3219613035e+05
  0.750000  0.600000     1.300000       1700.000000   6     0.4230716755  2.3219613035e+05
  0.750000  0.600000     1.350000       1700.000000   6     0.4230716755  2.3219613035e+05
  0.750000  0.600000     1.400000       1700.000000   6     0.4230716755  2.3219613035e+05
  0.750000  0.600000     1.450000       1700.000000   6     0.4230716755  2.3219613035e+05
  0.750000  0.600000     1.500000       1700.000000   6     0.4230716755  2.3219613035e+05
  0.750000  0.600000     1.550000       1700.000000   6     0.4230716755  2.3219613035e+05
  0.800000  0.600000     0.600000       1700.000000   6     0.3954671311  2.3716589582e+05
  0.800000  0.600000     0.650000       1700.000000   6     0.3954671311  2.3716589582e+05
  0.800000  0.600000     0.700000       1700.000000   6     0.3954671311  2.3716589582e+05
  0.800000  0.600000     0.700000       1700.000000   9     0.5387573098  2.2778623989e+05
  0.800000  0.600000     0.750000       1700.000000   6     0.3954671311  2.3716589582e+05
  0.800000  0.600000     0.800000       1700.000000   6     0.3954671311  2.3716589582e+05
  0.800000  0.600000     0.850000       1700.000000   6     0.3954671311  2.3716589582e+05
  0.800000  0.600000     0.900000       1700.000000   6     0.3954671311  2.3716589582e+05
  0.800000  0.600000     0.950000       1700.000000   6     0.3954671311  2.3716589582e+05
  0.800000  0.600000     1.000000       1700.000000   6     0.3954671311  2.3716589582e+05
  0.800000  0.600000     1.050000       1700.000000   6     0.3954671311  2.3716589582e+05
  0.800000  0.600000     1.100000       1700.000000   6     0.3954671311  2.3716589582e+05
  0.800000  0.600000     1.150000       1700.000000   6     0.3954671311  2.3716589582e+05
  0.800000  0.600000     1.200000       1700.000000   6     0.3954671311  2.3716589582e+05
  0.800000  0.600000     1.250000       1700.000000   6     0.3954671311  2.3716589582e+05
  0.800000  0.600000     1.300000       1700.000000   6     0.3954671311  2.3716589582e+05
  0.800000  0.600000     1.350000       1700.000000   6     0.3954671311  2.3716589582e+05
  0.800000  0.600000     1.400000       1700.000000   6     0.3954671311  2.3716589582e+05
  0.800000  0.600000     1.450000       1700.000000   6     0.3954671311  2.3716589582e+05
  0.800000  0.600000     1.500000       1700.000000   6     0.3954671311  2.3716589582e+05
  0.800000  0.600000     1.550000       1700.000000   6     0.3954671311  2.3716589582e+05
  0.850000  0.600000     0.600000       1700.000000   6     0.3717249608  2.3877590911e+05
  0.850000  0.600000     0.650000       1700.000000   6     0.3717249608  2.3877590911e+05
  0.850000  0.600000     0.700000       1700.000000   6     0.3717249608  2.3877590911e+05
  0.850000  0.600000     0.700000       1700.000000   9     0.5144389906  2.3045090306e+05
  0.850000  0.600000     0.750000       1700.000000   6     0.3717249608  2.3877590911e+05
  0.850000  0.600000     0.800000       1700.000000   6     0.3717249608  2.3877590911e+05
  0.850000  0.600000     0.850000       1700.000000   6     0.3717249608  2.3877590911e+05
  0.850000  0.600000     0.900000       1700.000000   6     0.3717249608  2.3877590911e+05
  0.850000  0.600000     0.950000       1700.000000   6     0.3717249608  2.3877590911e+05
  0.850000  0.600000     1.000000       1700.000000   6     0.3717249608  2.3877590911e+05
  0.850000  0.600000     1.050000       1700.000000   6     0.3717249608  2.3877590911e+05
  0.850000  0.600000     1.100000       1700.000000   6     0.3717249608  2.3877590911e+05
  0.850000  0.600000     1.150000       1700.000000   6     0.3717249608  2.3877590911e+05
  0.850000  0.600000     1.200000       1700.000000   6     0.3717249608  2.3877590911e+05
  0.850000  0.600000     1.250000       1700.000000   6     0.3717249608  2.3877590911e+05
  0.850000  0.600000     1.300000       1700.000000   6     0.3717249608  2.3877590911e+05
  0.850000  0.600000     1.350000       1700.000000   6     0.3717249608  2.3877590911e+05
  0.850000  0.600000     1.400000       1700.000000   6     0.3717249608  2.3877590911e+05
  0.850000  0.600000     1.450000       1700.000000   6     0.3717249608  2.3877590911e+05
  0.850000  0.600000     1.500000       1700.000000   6     0.3717249608  2.3877590911e+05
  0.850000  0.600000     1.550000       1700.000000   6     0.3717249608  2.3877590911e+05
