  0.300000  0.600000     0.600000       1700.000000   6     0.4464074933  2.7198997896e+05
  0.300000  0.600000     0.650000       1700.000000   6     0.4464074933  2.7198997896e+05
  0.300000  0.600000     0.700000       1700.000000   6     0.4464074933  2.7198997896e+05
  0.300000  0.600000     0.750000       1700.000000   6     0.4464074933  2.7198997896e+05
  0.300000  0.600000     0.800000       1700.000000   6     0.4464074933  2.7198997896e+05
  0.300000  0.600000     0.850000       1700.000000   6     0.4464074933  2.7198997896e+05
  0.300000  0.600000     0.900000       1700.000000   6     0.4464074933  2.7198997896e+05
  0.300000  0.600000     0.950000       1700.000000   6     0.4464074933  2.7198997896e+05
  0.300000  0.600000     1.000000       1700.000000   6     0.4464074933  2.7198997896e+05
  0.300000  0.600000     1.050000       1700.000000   6     0.4464074933  2.7198997896e+05
  0.300000  0.600000     1.100000       1700.000000   6     0.4464074933  2.7198997896e+05
  0.300000  0.600000     1.150000       1700.000000   6     0.4464074933  2.7198997896e+05
  0.300000  0.600000     1.200000       1700.000000   6     0.4464074933  2.7198997896e+05
  0.300000  0.600000     1.250000       1700.000000   6     0.4464074933  2.7198997896e+05
  0.300000  0.600000     1.300000       1700.000000   6     0.4464074933  2.7198997896e+05
  0.300000  0.600000     1.350000       1700.000000   6     0.4464074933  2.7198997896e+05
  0.300000  0.600000     1.400000       1700.000000   6     0.4464074933  2.7198997896e+05
  0.300000  0.600000     1.450000       1700.000000   6     0.4464074933  2.7198997896e+05
  0.300000  0.600000     1.500000       1700.000000   6     0.4464074933  2.7198997896e+05
  0.300000  0.600000     1.550000       1700.000000   6     0.4464074933  2.7198997896e+05
  0.300000  0.650000     1.050000       1700.000000   8     2.6429756955  2.1779240438e+05
  0.300000  0.650000     1.100000       1700.000000   8     1.3969073741  2.1972649047e+05
  0.300000  0.700000     0.950000       1700.000000   8     2.3911504498  2.1888459379e+05
  0.300000  0.700000     1.000000       1700.000000   8     1.3468047070  2.2089036795e+05
  0.300000  0.700000     1.050000       1700.000000   8     1.0183649515  2.2196832940e+05
  0.300000  0.750000     0.800000       1700.000000   8     39.7311173979  2.1595463414e+05
  0.300000  0.750000     0.850000       1700.000000   8     2.2307403317  2.1913632642e+05
  0.300000  0.750000     0.900000       1700.000000   8     1.3123958708  2.2126753151e+05
  0.300000  0.750000     0.950000       1700.000000   8     1.0055289066  2.2241781469e+05
  0.300000  0.750000     1.000000       1700.000000   8     0.8541970590  2.2266296055e+05
  0.300000  0.850000     0.800000       1700.000000   14     204.5093852353  1.7750468294e+05
  0.300000  0.950000     0.650000       1700.000000   15     695.6514418751  1.7302555871e+05
  0.350000  0.600000     0.600000       1700.000000   6     0.4578290550  2.6738999264e+05
  0.350000  0.600000     0.650000       1700.000000   6     0.4578290550  2.6738999264e+05
  0.350000  0.600000     0.700000       1700.000000   6     0.4578290550  2.6738999264e+05
  0.350000  0.600000     0.750000       1700.000000   6     0.4578290550  2.6738999264e+05
  0.350000  0.600000     0.800000       1700.000000   6     0.4578290550  2.6738999264e+05
  0.350000  0.600000     0.850000       1700.000000   6     0.4578290550  2.6738999264e+05
  0.350000  0.600000     0.900000       1700.000000   6     0.4578290550  2.6738999264e+05
  0.350000  0.600000     0.950000       1700.000000   6     0.4578290550  2.6738999264e+05
  0.350000  0.600000     1.000000       1700.000000   6     0.4578290550  2.6738999264e+05
  0.350000  0.600000     1.050000       1700.000000   6     0.4578290550  2.6738999264e+05
  0.350000  0.600000     1.100000       1700.000000   6     0.4578290550  2.6738999264e+05
  0.350000  0.600000     1.150000       1700.000000   6     0.4578290550  2.6738999264e+05
  0.350000  0.600000     1.200000       1700.000000   6     0.4578290550  2.6738999264e+05
  0.350000  0.600000     1.250000       1700.000000   6     0.4578290550  2.6738999264e+05
  0.350000  0.600000     1.300000       1700.000000   6     0.4578290550  2.6738999264e+05
  0.350000  0.600000     1.350000       1700.000000   6     0.4578290550  2.6738999264e+05
  0.350000  0.600000     1.400000       1700.000000   6     0.4578290550  2.6738999264e+05
  0.350000  0.600000     1.450000       1700.000000   6     0.4578290550  2.6738999264e+05
  0.350000  0.600000     1.500000       1700.000000   6     0.4578290550  2.6738999264e+05
  0.350000  0.600000     1.550000       1700.000000   6     0.4578290550  2.6738999264e+05
  0.350000  0.650000     0.600000       1700.000000   6     0.4475106580  2.6792678410e+05
  0.350000  0.650000     0.650000       1700.000000   6     0.4475106580  2.6792678410e+05
  0.350000  0.650000     0.700000       1700.000000   6     0.4475106580  2.6792678410e+05
  0.350000  0.650000     0.750000       1700.000000   6     0.4475106580  2.6792678410e+05
  0.350000  0.650000     0.800000       1700.000000   6     0.4475106580  2.6792678410e+05
  0.350000  0.650000     0.850000       1700.000000   6     0.4475106580  2.6792678410e+05
  0.350000  0.650000     0.900000       1700.000000   6     0.4475106580  2.6792678410e+05
  0.350000  0.650000     0.950000       1700.000000   6     0.4475106580  2.6792678410e+05
  0.350000  0.650000     1.000000       1700.000000   6     0.4475106580  2.6792678410e+05
  0.350000  0.650000     1.050000       1700.000000   6     0.4475106580  2.6792678410e+05
  0.350000  0.650000     1.100000       1700.000000   6     0.4475106580  2.6792678410e+05
  0.350000  0.650000     1.150000       1700.000000   6     0.4475106580  2.6792678410e+05
  0.350000  0.650000     1.200000       1700.000000   6     0.4475106580  2.6792678410e+05
  0.350000  0.650000     1.250000       1700.000000   6     0.4475106580  2.6792678410e+05
  0.350000  0.650000     1.300000       1700.000000   6     0.4475106580  2.6792678410e+05
  0.350000  0.650000     1.350000       1700.000000   6     0.4475106580  2.6792678410e+05
  0.350000  0.650000     1.400000       1700.000000   6     0.4475106580  2.6792678410e+05
  0.350000  0.650000     1.450000       1700.000000   6     0.4475106580  2.6792678410e+05
  0.350000  0.650000     1.500000       1700.000000   6     0.4475106580  2.6792678410e+05
  0.350000  0.650000     1.550000       1700.000000   6     0.4475106580  2.6792678410e+05
  0.400000  0.700000     0.600000       1700.000000   6     0.6216231429  2.5578738514e+05
  0.400000  0.700000     0.650000       1700.000000   6     0.6216231429  2.5578738514e+05
  0.400000  0.700000     0.700000       1700.000000   6     0.6216231429  2.5578738514e+05
  0.400000  0.700000     0.750000       1700.000000   6     0.6216231429  2.5578738514e+05
  0.400000  0.700000     0.800000       1700.000000   6     0.6216231429  2.5578738514e+05
  0.400000  0.700000     0.850000       1700.000000   6     0.6216231429  2.5578738514e+05
  0.400000  0.700000     0.900000       1700.000000   6     0.6216231429  2.5578738514e+05
  0.400000  0.700000     0.950000       1700.000000   6     0.6216231429  2.5578738514e+05
  0.400000  0.700000     1.000000       1700.000000   6     0.6216231429  2.5578738514e+05
  0.400000  0.700000     1.050000       1700.000000   6     0.6216231429  2.5578738514e+05
  0.400000  0.700000     1.100000       1700.000000   6     0.6216231429  2.5578738514e+05
  0.400000  0.700000     1.150000       1700.000000   6     0.6216231429  2.5578738514e+05
  0.400000  0.700000     1.200000       1700.000000   6     0.6216231429  2.5578738514e+05
  0.400000  0.700000     1.250000       1700.000000   6     0.6216231429  2.5578738514e+05
  0.400000  0.700000     1.300000       1700.000000   6     0.6216231429  2.5578738514e+05
  0.400000  0.700000     1.350000       1700.000000   6     0.6216231429  2.5578738514e+05
  0.400000  0.700000     1.400000       1700.000000   6     0.6216231429  2.5578738514e+05
  0.400000  0.700000     1.450000       1700.000000   6     0.6216231429  2.5578738514e+05
  0.400000  0.700000     1.500000       1700.000000   6     0.6216231429  2.5578738514e+05
  0.400000  0.700000     1.550000       1700.000000   6     0.6216231429  2.5578738514e+05
  0.400000  0.750000     0.600000       1700.000000   6     0.6296444745  2.5457311517e+05
  0.400000  0.750000     0.650000       1700.000000   6     0.6296444745  2.5457311517e+05
  0.400000  0.750000     0.700000       1700.000000   6     0.6296444745  2.5457311517e+05
  0.400000  0.750000     0.750000       1700.000000   6     0.6296444745  2.5457311517e+05
  0.400000  0.750000     0.800000       1700.000000   6     0.6296444745  2.5457311517e+05
  0.400000  0.750000     0.850000       1700.000000   6     0.6296444745  2.5457311517e+05
  0.400000  0.750000     0.900000       1700.000000   6     0.6296444745  2.5457311517e+05
  0.400000  0.750000     0.950000       1700.000000   6     0.6296444745  2.5457311517e+05
  0.400000  0.750000     1.000000       1700.000000   6     0.6296444745  2.5457311517e+05
  0.400000  0.750000     1.050000       1700.000000   6     0.6296444745  2.5457311517e+05
  0.400000  0.750000     1.100000       1700.000000   6     0.6296444745  2.5457311517e+05
  0.400000  0.750000     1.150000       1700.000000   6     0.6296444745  2.5457311517e+05
  0.400000  0.750000     1.200000       1700.000000   6     0.6296444745  2.5457311517e+05
  0.400000  0.750000     1.250000       1700.000000   6     0.6296444745  2.5457311517e+05
  0.400000  0.750000     1.300000       1700.000000   6     0.6296444745  2.5457311517e+05
  0.400000  0.750000     1.350000       1700.000000   6     0.6296444745  2.5457311517e+05
  0.400000  0.750000     1.400000       1700.000000   6     0.6296444745  2.5457311517e+05
  0.400000  0.750000     1.450000       1700.000000   6     0.6296444745  2.5457311517e+05
  0.400000  0.750000     1.500000       1700.000000   6     0.6296444745  2.5457311517e+05
  0.400000  0.750000     1.550000       1700.000000   6     0.6296444745  2.5457311517e+05
  0.400000  0.800000     0.600000       1700.000000   6     0.6378415875  2.5086326664e+05
  0.400000  0.800000     0.650000       1700.000000   6     0.6378415875  2.5086326664e+05
  0.400000  0.800000     0.700000       1700.000000   6     0.6378415875  2.5086326664e+05
  0.400000  0.800000     0.750000       1700.000000   6     0.6378415875  2.5086326664e+05
  0.400000  0.800000     0.800000       1700.000000   6     0.6378415875  2.5086326664e+05
  0.400000  0.800000     0.850000       1700.000000   6     0.6378415875  2.5086326664e+05
  0.400000  0.800000     0.900000       1700.000000   6     0.6378415875  2.5086326664e+05
  0.400000  0.800000     0.950000       1700.000000   6     0.6378415875  2.5086326664e+05
  0.400000  0.800000     1.000000       1700.000000   6     0.6378415875  2.5086326664e+05
  0.400000  0.800000     1.050000       1700.000000   6     0.6378415875  2.5086326664e+05
  0.400000  0.800000     1.100000       1700.000000   6     0.6378415875  2.5086326664e+05
  0.400000  0.800000     1.150000       1700.000000   6     0.6378415875  2.5086326664e+05
  0.400000  0.800000     1.200000       1700.000000   6     0.6378415875  2.5086326664e+05
  0.400000  0.800000     1.250000       1700.000000   6     0.6378415875  2.5086326664e+05
  0.400000  0.800000     1.300000       1700.000000   6     0.6378415875  2.5086326664e+05
  0.400000  0.800000     1.350000       1700.000000   6     0.6378415875  2.5086326664e+05
  0.400000  0.800000     1.400000       1700.000000   6     0.6378415875  2.5086326664e+05
  0.400000  0.800000     1.450000       1700.000000   6     0.6378415875  2.5086326664e+05
  0.400000  0.800000     1.500000       1700.000000   6     0.6378415875  2.5086326664e+05
  0.400000  0.800000     1.550000       1700.000000   6     0.6378415875  2.5086326664e+05
  0.400000  0.850000     0.600000       1700.000000   6     0.6466089819  2.4489318755e+05
  0.400000  0.850000     0.650000       1700.000000   6     0.6466089819  2.4489318755e+05
  0.400000  0.850000     0.700000       1700.000000   6     0.6466089819  2.4489318755e+05
  0.400000  0.850000     0.750000       1700.000000   6     0.6466089819  2.4489318755e+05
  0.400000  0.850000     0.800000       1700.000000   6     0.6466089819  2.4489318755e+05
  0.400000  0.850000     0.850000       1700.000000   6     0.6466089819  2.4489318755e+05
  0.400000  0.850000     0.900000       1700.000000   6     0.6466089819  2.4489318755e+05
  0.400000  0.850000     0.950000       1700.000000   6     0.6466089819  2.4489318755e+05
  0.400000  0.850000     1.000000       1700.000000   6     0.6466089819  2.4489318755e+05
  0.400000  0.850000     1.050000       1700.000000   6     0.6466089819  2.4489318755e+05
  0.400000  0.850000     1.100000       1700.000000   6     0.6466089819  2.4489318755e+05
  0.400000  0.850000     1.150000       1700.000000   6     0.6466089819  2.4489318755e+05
  0.400000  0.850000     1.200000       1700.000000   6     0.6466089819  2.4489318755e+05
  0.400000  0.850000     1.250000       1700.000000   6     0.6466089819  2.4489318755e+05
  0.400000  0.850000     1.300000       1700.000000   6     0.6466089819  2.4489318755e+05
  0.400000  0.850000     1.350000       1700.000000   6     0.6466089819  2.4489318755e+05
  0.400000  0.850000     1.400000       1700.000000   6     0.6466089819  2.4489318755e+05
  0.400000  0.850000     1.450000       1700.000000   6     0.6466089819  2.4489318755e+05
  0.400000  0.850000     1.500000       1700.000000   6     0.6466089819  2.4489318755e+05
  0.400000  0.850000     1.550000       1700.000000   6     0.6466089819  2.4489318755e+05
  0.400000  0.900000     0.600000       1700.000000   6     0.6566037366  2.3693392418e+05
  0.400000  0.900000     0.650000       1700.000000   6     0.6566037366  2.3693392418e+05
  0.400000  0.900000     0.700000       1700.000000   6     0.6566037366  2.3693392418e+05
  0.400000  0.900000     0.750000       1700.000000   6     0.6566037366  2.3693392418e+05
  0.400000  0.900000     0.800000       1700.000000   6     0.6566037366  2.3693392418e+05
  0.400000  0.900000     0.850000       1700.000000   6     0.6566037366  2.3693392418e+05
  0.400000  0.900000     0.900000       1700.000000   6     0.6566037366  2.3693392418e+05
  0.400000  0.900000     0.950000       1700.000000   6     0.6566037366  2.3693392418e+05
  0.400000  0.900000     1.000000       1700.000000   6     0.6566037366  2.3693392418e+05
  0.400000  0.900000     1.050000       1700.000000   6     0.6566037366  2.3693392418e+05
  0.400000  0.900000     1.100000       1700.000000   6     0.6566037366  2.3693392418e+05
  0.400000  0.900000     1.150000       1700.000000   6     0.6566037366  2.3693392418e+05
  0.400000  0.900000     1.200000       1700.000000   6     0.6566037366  2.3693392418e+05
  0.400000  0.900000     1.250000       1700.000000   6     0.6566037366  2.3693392418e+05
  0.400000  0.900000     1.300000       1700.000000   6     0.6566037366  2.3693392418e+05
  0.400000  0.900000     1.350000       1700.000000   6     0.6566037366  2.3693392418e+05
  0.400000  0.900000     1.400000       1700.000000   6     0.6566037366  2.3693392418e+05
  0.400000  0.900000     1.450000       1700.000000   6     0.6566037366  2.3693392418e+05
  0.400000  0.900000     1.500000       1700.000000   6     0.6566037366  2.3693392418e+05
  0.400000  0.900000     1.550000       1700.000000   6     0.6566037366  2.3693392418e+05
  0.400000  0.950000     0.600000       1700.000000   6     0.6688956619  2.2728338834e+05
  0.400000  0.950000     0.650000       1700.000000   6     0.6688956619  2.2728338834e+05
  0.400000  0.950000     0.700000       1700.000000   6     0.6688956619  2.2728338834e+05
  0.400000  0.950000     0.750000       1700.000000   6     0.6688956619  2.2728338834e+05
  0.400000  0.950000     0.800000       1700.000000   6     0.6688956619  2.2728338834e+05
  0.400000  0.950000     0.850000       1700.000000   6     0.6688956619  2.2728338834e+05
  0.400000  0.950000     0.900000       1700.000000   6     0.6688956619  2.2728338834e+05
  0.400000  0.950000     0.950000       1700.000000   6     0.6688956619  2.2728338834e+05
  0.400000  0.950000     1.000000       1700.000000   6     0.6688956619  2.2728338834e+05
  0.400000  0.950000     1.050000       1700.000000   6     0.6688956619  2.2728338834e+05
  0.400000  0.950000     1.100000       1700.000000   6     0.6688956619  2.2728338834e+05
  0.400000  0.950000     1.150000       1700.000000   6     0.6688956619  2.2728338834e+05
  0.400000  0.950000     1.200000       1700.000000   6     0.6688956619  2.2728338834e+05
  0.400000  0.950000     1.250000       1700.000000   6     0.6688956619  2.2728338834e+05
  0.400000  0.950000     1.300000       1700.000000   6     0.6688956619  2.2728338834e+05
  0.400000  0.950000     1.350000       1700.000000   6     0.6688956619  2.2728338834e+05
  0.400000  0.950000     1.400000       1700.000000   6     0.6688956619  2.2728338834e+05
  0.400000  0.950000     1.450000       1700.000000   6     0.6688956619  2.2728338834e+05
  0.400000  0.950000     1.500000       1700.000000   6     0.6688956619  2.2728338834e+05
  0.400000  0.950000     1.550000       1700.000000   6     0.6688956619  2.2728338834e+05
  0.400000  1.050000     0.650000       1700.000000   10     40.8982671922  1.9745585227e+05
  0.400000  1.100000     0.600000       1700.000000   10     49.3797591638  1.9714203312e+05
  0.450000  1.400000     1.450000       1700.000000   20     30616.7696759494  -1.9973357725e+04
