  0.000000  0.700000     0.800000       1700.000000   9     0.5498527563  4.2772526262e+04
  0.000000  0.750000     0.750000       1700.000000   9     0.5495938818  4.3095184682e+04
  0.000000  0.800000     0.700000       1700.000000   9     0.5479569971  4.3255930708e+04
  0.000000  1.400000     0.700000       1700.000000   15     0.5531175520  4.1391990337e+04
  0.000000  1.450000     0.650000       1700.000000   15     0.5530119713  4.1531554922e+04
  0.000000  1.500000     0.650000       1700.000000   15     0.5529018358  4.1561694734e+04
  0.000000  1.550000     0.600000       1700.000000   15     0.5523030185  4.1624584353e+04
  0.050000  1.550000     0.600000       1700.000000   15     0.5522107907  4.1626306019e+04
  0.500000  1.550000     0.600000       1700.000000   13     0.5513705265  4.1734186588e+04
  0.550000  1.550000     0.600000       1700.000000   13     0.5534717632  4.1337904101e+04
  0.700000  1.550000     0.650000       1700.000000   7     0.5557367777  4.1166594796e+04
  0.750000  1.550000     0.650000       1700.000000   7     0.5747279424  4.1012733576e+04
  0.800000  1.550000     0.650000       1700.000000   7     0.6001767625  4.0610339253e+04
  0.850000  1.150000     0.750000       1700.000000   17     13.2123468006  3.8528898267e+03
  0.850000  1.250000     0.700000       1700.000000   7     0.6493532407  3.6835939085e+04
  0.850000  1.450000     0.700000       1700.000000   7     0.6384218606  3.9530487192e+04
  0.850000  1.500000     0.650000       1700.000000   7     0.6395057300  3.9510870444e+04
  0.900000  1.400000     0.700000       1700.000000   7     0.6983813828  3.6535035358e+04
  0.900000  1.450000     0.650000       1700.000000   7     0.6988915060  3.6366472659e+04
  0.950000  1.350000     0.700000       1700.000000   7     0.7645970476  2.5770094370e+04
  0.950000  1.400000     0.650000       1700.000000   7     0.7654986683  2.5701314698e+04
  0.950000  1.450000     0.600000       1700.000000   7     0.7657704026  2.5522844686e+04
