   0.2480000E+03  0.2133262E+01  0.1249444E+02
   0.2482435E+03  0.2133100E+01  0.1249829E+02
   0.2484875E+03  0.2132923E+01  0.1250221E+02
   0.2487320E+03  0.2132730E+01  0.1250619E+02
   0.2489770E+03  0.2132521E+01  0.1251023E+02
   0.2492224E+03  0.2132298E+01  0.1251433E+02
   0.2494683E+03  0.2132060E+01  0.1251849E+02
   0.2497148E+03  0.2131808E+01  0.1252272E+02
   0.2499617E+03  0.2131543E+01  0.1252700E+02
   0.2502091E+03  0.2131264E+01  0.1253135E+02
   0.2504569E+03  0.2130972E+01  0.1253577E+02
   0.2507053E+03  0.2130668E+01  0.1254024E+02
   0.2509542E+03  0.2130352E+01  0.1254478E+02
   0.2512035E+03  0.2130024E+01  0.1254938E+02
   0.2514534E+03  0.2129685E+01  0.1255404E+02
   0.2517037E+03  0.2129336E+01  0.1255877E+02
   0.2519546E+03  0.2128976E+01  0.1256356E+02
   0.2522060E+03  0.2128606E+01  0.1256842E+02
   0.2524578E+03  0.2128226E+01  0.1257334E+02
   0.2527102E+03  0.2127838E+01  0.1257832E+02
   0.2529630E+03  0.2127441E+01  0.1258337E+02
   0.2532164E+03  0.2127036E+01  0.1258849E+02
   0.2534703E+03  0.2126623E+01  0.1259366E+02
   0.2537247E+03  0.2126202E+01  0.1259891E+02
   0.2539796E+03  0.2125775E+01  0.1260422E+02
   0.2542350E+03  0.2125342E+01  0.1260959E+02
   0.2544909E+03  0.2124903E+01  0.1261503E+02
   0.2547474E+03  0.2124458E+01  0.1262053E+02
   0.2550043E+03  0.2124008E+01  0.1262611E+02
   0.2552618E+03  0.2123554E+01  0.1263174E+02
   0.2555198E+03  0.2123095E+01  0.1263744E+02
   0.2557783E+03  0.2122633E+01  0.1264321E+02
   0.2560374E+03  0.2122168E+01  0.1264905E+02
   0.2562969E+03  0.2121700E+01  0.1265495E+02
   0.2565570E+03  0.2121230E+01  0.1266092E+02
   0.2568177E+03  0.2120758E+01  0.1266696E+02
   0.2570788E+03  0.2120285E+01  0.1267306E+02
   0.2573405E+03  0.2119811E+01  0.1267923E+02
   0.2576027E+03  0.2119336E+01  0.1268547E+02
   0.2578655E+03  0.2118862E+01  0.1269177E+02
   0.2581288E+03  0.2118388E+01  0.1269814E+02
   0.2583926E+03  0.2117916E+01  0.1270458E+02
   0.2586570E+03  0.2117445E+01  0.1271109E+02
   0.2589219E+03  0.2116976E+01  0.1271766E+02
   0.2591873E+03  0.2116509E+01  0.1272431E+02
   0.2594533E+03  0.2116046E+01  0.1273102E+02
   0.2597199E+03  0.2115586E+01  0.1273780E+02
   0.2599870E+03  0.2115131E+01  0.1274464E+02
   0.2602546E+03  0.2114680E+01  0.1275156E+02
   0.2605228E+03  0.2114234E+01  0.1275854E+02
   0.2607916E+03  0.2113793E+01  0.1276560E+02
   0.2610609E+03  0.2113359E+01  0.1277272E+02
   0.2613307E+03  0.2112931E+01  0.1277991E+02
   0.2616012E+03  0.2112510E+01  0.1278716E+02
   0.2618721E+03  0.2112097E+01  0.1279449E+02
   0.2621437E+03  0.2111692E+01  0.1280189E+02
   0.2624158E+03  0.2111296E+01  0.1280935E+02
   0.2626885E+03  0.2110908E+01  0.1281688E+02
   0.2629617E+03  0.2110531E+01  0.1282449E+02
   0.2632355E+03  0.2110163E+01  0.1283216E+02
   0.2635099E+03  0.2109807E+01  0.1283990E+02
   0.2637848E+03  0.2109461E+01  0.1284771E+02
   0.2640604E+03  0.2109127E+01  0.1285559E+02
   0.2643365E+03  0.2108806E+01  0.1286354E+02
   0.2646131E+03  0.2108497E+01  0.1287156E+02
   0.2648904E+03  0.2108202E+01  0.1287964E+02
   0.2651683E+03  0.2107921E+01  0.1288780E+02
   0.2654467E+03  0.2107654E+01  0.1289603E+02
   0.2657257E+03  0.2107402E+01  0.1290432E+02
   0.2660053E+03  0.2107165E+01  0.1291269E+02
   0.2662855E+03  0.2106945E+01  0.1292112E+02
   0.2665662E+03  0.2106741E+01  0.1292962E+02
   0.2668476E+03  0.2106555E+01  0.1293820E+02
   0.2671296E+03  0.2106386E+01  0.1294684E+02
   0.2674121E+03  0.2106235E+01  0.1295555E+02
   0.2676953E+03  0.2106103E+01  0.1296433E+02
   0.2679791E+03  0.2105990E+01  0.1297318E+02
   0.2682634E+03  0.2105897E+01  0.1298210E+02
   0.2685484E+03  0.2105825E+01  0.1299109E+02
   0.2688340E+03  0.2105774E+01  0.1300015E+02
   0.2691201E+03  0.2105744E+01  0.1300927E+02
   0.2694069E+03  0.2105737E+01  0.1301847E+02
   0.2696943E+03  0.2105752E+01  0.1302773E+02
   0.2699823E+03  0.2105790E+01  0.1303707E+02
   0.2702710E+03  0.2105852E+01  0.1304647E+02
   0.2705602E+03  0.2105939E+01  0.1305594E+02
   0.2708501E+03  0.2106050E+01  0.1306549E+02
   0.2711406E+03  0.2106187E+01  0.1307510E+02
   0.2714317E+03  0.2106350E+01  0.1308477E+02
   0.2717234E+03  0.2106540E+01  0.1309452E+02
   0.2720158E+03  0.2106756E+01  0.1310434E+02
   0.2723088E+03  0.2107001E+01  0.1311422E+02
   0.2726024E+03  0.2107274E+01  0.1312417E+02
   0.2728967E+03  0.2107576E+01  0.1313420E+02
   0.2731916E+03  0.2107908E+01  0.1314428E+02
   0.2734871E+03  0.2108269E+01  0.1315444E+02
   0.2737833E+03  0.2108662E+01  0.1316467E+02
   0.2740801E+03  0.2109085E+01  0.1317496E+02
   0.2743776E+03  0.2109540E+01  0.1318532E+02
   0.2746757E+03  0.2110028E+01  0.1319575E+02
   0.2749745E+03  0.2110549E+01  0.1320624E+02
   0.2752739E+03  0.2111103E+01  0.1321680E+02
   0.2755739E+03  0.2111692E+01  0.1322743E+02
   0.2758747E+03  0.2112315E+01  0.1323813E+02
   0.2761760E+03  0.2112973E+01  0.1324889E+02
   0.2764781E+03  0.2113668E+01  0.1325972E+02
   0.2767808E+03  0.2114399E+01  0.1327062E+02
   0.2770841E+03  0.2115167E+01  0.1328158E+02
   0.2773881E+03  0.2115972E+01  0.1329261E+02
   0.2776928E+03  0.2116816E+01  0.1330370E+02
   0.2779982E+03  0.2117699E+01  0.1331486E+02
   0.2783042E+03  0.2118621E+01  0.1332608E+02
   0.2786109E+03  0.2119583E+01  0.1333737E+02
   0.2789183E+03  0.2120586E+01  0.1334873E+02
   0.2792264E+03  0.2121630E+01  0.1336015E+02
   0.2795351E+03  0.2122715E+01  0.1337163E+02
   0.2798446E+03  0.2123843E+01  0.1338318E+02
   0.2801547E+03  0.2125014E+01  0.1339479E+02
   0.2804655E+03  0.2126228E+01  0.1340647E+02
   0.2807770E+03  0.2127487E+01  0.1341821E+02
   0.2810892E+03  0.2128790E+01  0.1343001E+02
   0.2814021E+03  0.2130139E+01  0.1344188E+02
   0.2817156E+03  0.2131533E+01  0.1345380E+02
   0.2820299E+03  0.2132974E+01  0.1346579E+02
   0.2823449E+03  0.2134461E+01  0.1347785E+02
   0.2826606E+03  0.2135997E+01  0.1348996E+02
   0.2829770E+03  0.2137580E+01  0.1350214E+02
   0.2832941E+03  0.2139213E+01  0.1351437E+02
   0.2836119E+03  0.2140894E+01  0.1352667E+02
   0.2839304E+03  0.2142626E+01  0.1353903E+02
   0.2842497E+03  0.2144408E+01  0.1355145E+02
   0.2845696E+03  0.2146241E+01  0.1356392E+02
   0.2848903E+03  0.2148126E+01  0.1357646E+02
   0.2852117E+03  0.2150063E+01  0.1358906E+02
   0.2855338E+03  0.2152053E+01  0.1360171E+02
   0.2858567E+03  0.2154096E+01  0.1361443E+02
   0.2861803E+03  0.2156193E+01  0.1362720E+02
   0.2865046E+03  0.2158345E+01  0.1364003E+02
   0.2868297E+03  0.2160551E+01  0.1365291E+02
   0.2871555E+03  0.2162814E+01  0.1366586E+02
   0.2874820E+03  0.2165132E+01  0.1367886E+02
   0.2878093E+03  0.2167507E+01  0.1369191E+02
   0.2881373E+03  0.2169940E+01  0.1370502E+02
   0.2884661E+03  0.2172430E+01  0.1371819E+02
   0.2887956E+03  0.2174979E+01  0.1373141E+02
   0.2891259E+03  0.2177587E+01  0.1374469E+02
   0.2894570E+03  0.2180254E+01  0.1375801E+02
   0.2897888E+03  0.2182982E+01  0.1377140E+02
   0.2901213E+03  0.2185770E+01  0.1378483E+02
   0.2904546E+03  0.2188619E+01  0.1379832E+02
   0.2907887E+03  0.2191530E+01  0.1381186E+02
   0.2911236E+03  0.2194503E+01  0.1382545E+02
   0.2914592E+03  0.2197539E+01  0.1383909E+02
   0.2917956E+03  0.2200638E+01  0.1385278E+02
   0.2921328E+03  0.2203801E+01  0.1386653E+02
   0.2924708E+03  0.2207028E+01  0.1388032E+02
   0.2928095E+03  0.2210320E+01  0.1389416E+02
   0.2931491E+03  0.2213678E+01  0.1390805E+02
   0.2934894E+03  0.2217101E+01  0.1392198E+02
   0.2938305E+03  0.2220591E+01  0.1393597E+02
   0.2941724E+03  0.2224148E+01  0.1395000E+02
   0.2945151E+03  0.2227772E+01  0.1396408E+02
   0.2948586E+03  0.2231463E+01  0.1397820E+02
   0.2952029E+03  0.2235224E+01  0.1399236E+02
   0.2955480E+03  0.2239053E+01  0.1400658E+02
   0.2958939E+03  0.2242951E+01  0.1402083E+02
   0.2962407E+03  0.2246920E+01  0.1403513E+02
   0.2965882E+03  0.2250958E+01  0.1404947E+02
   0.2969366E+03  0.2255067E+01  0.1406385E+02
   0.2972858E+03  0.2259248E+01  0.1407828E+02
   0.2976358E+03  0.2263500E+01  0.1409274E+02
   0.2979866E+03  0.2267824E+01  0.1410724E+02
   0.2983382E+03  0.2272221E+01  0.1412179E+02
   0.2986907E+03  0.2276691E+01  0.1413637E+02
   0.2990440E+03  0.2281235E+01  0.1415099E+02
   0.2993982E+03  0.2285852E+01  0.1416565E+02
   0.2997532E+03  0.2290543E+01  0.1418034E+02
   0.3001090E+03  0.2295310E+01  0.1419507E+02
   0.3004657E+03  0.2300151E+01  0.1420984E+02
   0.3008232E+03  0.2305068E+01  0.1422464E+02
   0.3011816E+03  0.2310061E+01  0.1423947E+02
   0.3015409E+03  0.2315130E+01  0.1425434E+02
   0.3019010E+03  0.2320276E+01  0.1426924E+02
   0.3022619E+03  0.2325499E+01  0.1428417E+02
   0.3026237E+03  0.2330800E+01  0.1429913E+02
   0.3029864E+03  0.2336178E+01  0.1431412E+02
   0.3033500E+03  0.2341634E+01  0.1432915E+02
   0.3037144E+03  0.2347169E+01  0.1434420E+02
   0.3040797E+03  0.2352783E+01  0.1435927E+02
   0.3044459E+03  0.2358476E+01  0.1437438E+02
   0.3048130E+03  0.2364249E+01  0.1438951E+02
   0.3051810E+03  0.2370101E+01  0.1440466E+02
   0.3055498E+03  0.2376034E+01  0.1441984E+02
   0.3059195E+03  0.2382047E+01  0.1443505E+02
   0.3062902E+03  0.2388141E+01  0.1445028E+02
   0.3066617E+03  0.2394316E+01  0.1446553E+02
   0.3070342E+03  0.2400572E+01  0.1448080E+02
   0.3074075E+03  0.2406910E+01  0.1449609E+02
   0.3077818E+03  0.2413329E+01  0.1451140E+02
   0.3081569E+03  0.2419831E+01  0.1452673E+02
   0.3085330E+03  0.2426415E+01  0.1454208E+02
   0.3089100E+03  0.2433082E+01  0.1455744E+02
   0.3092879E+03  0.2439831E+01  0.1457282E+02
   0.3096668E+03  0.2446664E+01  0.1458822E+02
   0.3100466E+03  0.2453579E+01  0.1460363E+02
   0.3104273E+03  0.2460578E+01  0.1461905E+02
   0.3108089E+03  0.2467661E+01  0.1463449E+02
   0.3111915E+03  0.2474827E+01  0.1464994E+02
   0.3115750E+03  0.2482077E+01  0.1466539E+02
   0.3119595E+03  0.2489412E+01  0.1468086E+02
   0.3123449E+03  0.2496830E+01  0.1469634E+02
   0.3127313E+03  0.2504333E+01  0.1471182E+02
   0.3131186E+03  0.2511920E+01  0.1472732E+02
   0.3135069E+03  0.2519591E+01  0.1474281E+02
   0.3138962E+03  0.2527348E+01  0.1475832E+02
   0.3142864E+03  0.2535189E+01  0.1477382E+02
   0.3146776E+03  0.2543114E+01  0.1478933E+02
   0.3150698E+03  0.2551125E+01  0.1480485E+02
   0.3154630E+03  0.2559220E+01  0.1482036E+02
   0.3158571E+03  0.2567401E+01  0.1483587E+02
   0.3162522E+03  0.2575666E+01  0.1485139E+02
   0.3166483E+03  0.2584016E+01  0.1486690E+02
   0.3170455E+03  0.2592451E+01  0.1488240E+02
   0.3174436E+03  0.2600971E+01  0.1489791E+02
   0.3178427E+03  0.2609576E+01  0.1491341E+02
   0.3182428E+03  0.2618266E+01  0.1492890E+02
   0.3186439E+03  0.2627041E+01  0.1494439E+02
   0.3190460E+03  0.2635900E+01  0.1495987E+02
   0.3194492E+03  0.2644844E+01  0.1497534E+02
   0.3198533E+03  0.2653872E+01  0.1499080E+02
   0.3202585E+03  0.2662985E+01  0.1500625E+02
   0.3206648E+03  0.2672182E+01  0.1502168E+02
   0.3210720E+03  0.2681463E+01  0.1503711E+02
   0.3214803E+03  0.2690828E+01  0.1505252E+02
   0.3218896E+03  0.2700277E+01  0.1506791E+02
   0.3223000E+03  0.2709810E+01  0.1508329E+02
   0.3227114E+03  0.2719426E+01  0.1509865E+02
   0.3231239E+03  0.2729126E+01  0.1511400E+02
   0.3235374E+03  0.2738908E+01  0.1512932E+02
   0.3239520E+03  0.2748773E+01  0.1514462E+02
   0.3243676E+03  0.2758721E+01  0.1515990E+02
   0.3247844E+03  0.2768751E+01  0.1517516E+02
   0.3252021E+03  0.2778863E+01  0.1519040E+02
   0.3256210E+03  0.2789056E+01  0.1520561E+02
   0.3260410E+03  0.2799331E+01  0.1522080E+02
   0.3264620E+03  0.2809687E+01  0.1523595E+02
   0.3268841E+03  0.2820123E+01  0.1525109E+02
   0.3273073E+03  0.2830640E+01  0.1526619E+02
   0.3277316E+03  0.2841237E+01  0.1528126E+02
   0.3281570E+03  0.2851913E+01  0.1529630E+02
   0.3285836E+03  0.2862668E+01  0.1531131E+02
   0.3290112E+03  0.2873502E+01  0.1532628E+02
   0.3294399E+03  0.2884414E+01  0.1534122E+02
   0.3298698E+03  0.2895404E+01  0.1535613E+02
   0.3303008E+03  0.2906470E+01  0.1537100E+02
   0.3307329E+03  0.2917614E+01  0.1538583E+02
   0.3311661E+03  0.2928834E+01  0.1540062E+02
   0.3316005E+03  0.2940130E+01  0.1541538E+02
   0.3320360E+03  0.2951500E+01  0.1543009E+02
   0.3324727E+03  0.2962946E+01  0.1544476E+02
   0.3329105E+03  0.2974465E+01  0.1545939E+02
   0.3333495E+03  0.2986057E+01  0.1547397E+02
   0.3337896E+03  0.2997723E+01  0.1548851E+02
   0.3342309E+03  0.3009460E+01  0.1550300E+02
   0.3346734E+03  0.3021269E+01  0.1551745E+02
   0.3351170E+03  0.3033149E+01  0.1553185E+02
   0.3355618E+03  0.3045099E+01  0.1554619E+02
   0.3360078E+03  0.3057118E+01  0.1556049E+02
   0.3364550E+03  0.3069206E+01  0.1557474E+02
   0.3369034E+03  0.3081361E+01  0.1558893E+02
   0.3373529E+03  0.3093584E+01  0.1560308E+02
   0.3378037E+03  0.3105873E+01  0.1561716E+02
   0.3382557E+03  0.3118228E+01  0.1563119E+02
   0.3387089E+03  0.3130647E+01  0.1564517E+02
   0.3391633E+03  0.3143131E+01  0.1565909E+02
   0.3396189E+03  0.3155677E+01  0.1567295E+02
   0.3400758E+03  0.3168286E+01  0.1568675E+02
   0.3405339E+03  0.3180956E+01  0.1570049E+02
   0.3409932E+03  0.3193686E+01  0.1571417E+02
   0.3414537E+03  0.3206476E+01  0.1572778E+02
   0.3419155E+03  0.3219324E+01  0.1574134E+02
   0.3423786E+03  0.3232230E+01  0.1575483E+02
   0.3428429E+03  0.3245192E+01  0.1576825E+02
   0.3433085E+03  0.3258210E+01  0.1578161E+02
   0.3437753E+03  0.3271282E+01  0.1579490E+02
   0.3442434E+03  0.3284408E+01  0.1580812E+02
   0.3447128E+03  0.3297586E+01  0.1582128E+02
   0.3451835E+03  0.3310816E+01  0.1583436E+02
   0.3456554E+03  0.3324096E+01  0.1584737E+02
   0.3461287E+03  0.3337425E+01  0.1586032E+02
   0.3466032E+03  0.3350802E+01  0.1587319E+02
   0.3470791E+03  0.3364226E+01  0.1588598E+02
   0.3475563E+03  0.3377695E+01  0.1589871E+02
   0.3480347E+03  0.3391210E+01  0.1591135E+02
   0.3485145E+03  0.3404767E+01  0.1592392E+02
   0.3489956E+03  0.3418367E+01  0.1593642E+02
   0.3494781E+03  0.3432007E+01  0.1594884E+02
   0.3499619E+03  0.3445687E+01  0.1596118E+02
   0.3504470E+03  0.3459406E+01  0.1597344E+02
   0.3509335E+03  0.3473161E+01  0.1598562E+02
   0.3514213E+03  0.3486953E+01  0.1599772E+02
   0.3519105E+03  0.3500778E+01  0.1600974E+02
   0.3524010E+03  0.3514637E+01  0.1602168E+02
   0.3528929E+03  0.3528527E+01  0.1603354E+02
   0.3533862E+03  0.3542448E+01  0.1604531E+02
   0.3538809E+03  0.3556398E+01  0.1605700E+02
   0.3543769E+03  0.3570375E+01  0.1606860E+02
   0.3548744E+03  0.3584379E+01  0.1608012E+02
   0.3553732E+03  0.3598407E+01  0.1609155E+02
   0.3558735E+03  0.3612458E+01  0.1610290E+02
   0.3563751E+03  0.3626531E+01  0.1611416E+02
   0.3568782E+03  0.3640625E+01  0.1612533E+02
   0.3573827E+03  0.3654737E+01  0.1613641E+02
   0.3578887E+03  0.3668866E+01  0.1614741E+02
   0.3583960E+03  0.3683011E+01  0.1615831E+02
   0.3589048E+03  0.3697170E+01  0.1616913E+02
   0.3594151E+03  0.3711341E+01  0.1617986E+02
   0.3599268E+03  0.3725524E+01  0.1619049E+02
   0.3604399E+03  0.3739716E+01  0.1620104E+02
   0.3609546E+03  0.3753915E+01  0.1621149E+02
   0.3614707E+03  0.3768121E+01  0.1622185E+02
   0.3619883E+03  0.3782331E+01  0.1623212E+02
   0.3625073E+03  0.3796544E+01  0.1624230E+02
   0.3630279E+03  0.3810758E+01  0.1625238E+02
   0.3635499E+03  0.3824972E+01  0.1626237E+02
   0.3640735E+03  0.3839183E+01  0.1627227E+02
   0.3645985E+03  0.3853390E+01  0.1628207E+02
   0.3651251E+03  0.3867592E+01  0.1629178E+02
   0.3656532E+03  0.3881786E+01  0.1630139E+02
   0.3661829E+03  0.3895971E+01  0.1631091E+02
   0.3667140E+03  0.3910145E+01  0.1632034E+02
   0.3672467E+03  0.3924307E+01  0.1632967E+02
   0.3677810E+03  0.3938454E+01  0.1633890E+02
   0.3683168E+03  0.3952584E+01  0.1634804E+02
   0.3688542E+03  0.3966696E+01  0.1635709E+02
   0.3693932E+03  0.3980789E+01  0.1636604E+02
   0.3699337E+03  0.3994860E+01  0.1637490E+02
   0.3704758E+03  0.4008907E+01  0.1638366E+02
   0.3710195E+03  0.4022928E+01  0.1639232E+02
   0.3715648E+03  0.4036922E+01  0.1640089E+02
   0.3721117E+03  0.4050887E+01  0.1640936E+02
   0.3726603E+03  0.4064821E+01  0.1641774E+02
   0.3732104E+03  0.4078722E+01  0.1642603E+02
   0.3737622E+03  0.4092589E+01  0.1643422E+02
   0.3743156E+03  0.4106418E+01  0.1644232E+02
   0.3748706E+03  0.4120209E+01  0.1645032E+02
   0.3754273E+03  0.4133959E+01  0.1645822E+02
   0.3759857E+03  0.4147666E+01  0.1646604E+02
   0.3765457E+03  0.4161329E+01  0.1647376E+02
   0.3771074E+03  0.4174946E+01  0.1648138E+02
   0.3776707E+03  0.4188514E+01  0.1648892E+02
   0.3782358E+03  0.4202032E+01  0.1649636E+02
   0.3788025E+03  0.4215498E+01  0.1650371E+02
   0.3793710E+03  0.4228909E+01  0.1651097E+02
   0.3799411E+03  0.4242265E+01  0.1651813E+02
   0.3805130E+03  0.4255562E+01  0.1652521E+02
   0.3810866E+03  0.4268799E+01  0.1653220E+02
   0.3816619E+03  0.4281974E+01  0.1653909E+02
   0.3822390E+03  0.4295085E+01  0.1654590E+02
   0.3828178E+03  0.4308129E+01  0.1655262E+02
   0.3833983E+03  0.4321106E+01  0.1655925E+02
   0.3839807E+03  0.4334013E+01  0.1656580E+02
   0.3845648E+03  0.4346847E+01  0.1657225E+02
   0.3851506E+03  0.4359608E+01  0.1657863E+02
   0.3857383E+03  0.4372292E+01  0.1658492E+02
   0.3863278E+03  0.4384899E+01  0.1659112E+02
   0.3869190E+03  0.4397425E+01  0.1659724E+02
   0.3875121E+03  0.4409870E+01  0.1660328E+02
   0.3881070E+03  0.4422230E+01  0.1660924E+02
   0.3887038E+03  0.4434505E+01  0.1661511E+02
   0.3893023E+03  0.4446691E+01  0.1662091E+02
   0.3899027E+03  0.4458788E+01  0.1662663E+02
   0.3905050E+03  0.4470793E+01  0.1663227E+02
   0.3911091E+03  0.4482704E+01  0.1663784E+02
   0.3917152E+03  0.4494519E+01  0.1664333E+02
   0.3923230E+03  0.4506237E+01  0.1664875E+02
   0.3929328E+03  0.4517854E+01  0.1665409E+02
   0.3935445E+03  0.4529370E+01  0.1665936E+02
   0.3941581E+03  0.4540782E+01  0.1666456E+02
   0.3947736E+03  0.4552089E+01  0.1666969E+02
   0.3953910E+03  0.4563288E+01  0.1667476E+02
   0.3960104E+03  0.4574378E+01  0.1667976E+02
   0.3966317E+03  0.4585356E+01  0.1668469E+02
   0.3972549E+03  0.4596222E+01  0.1668956E+02
   0.3978801E+03  0.4606971E+01  0.1669436E+02
   0.3985073E+03  0.4617604E+01  0.1669911E+02
   0.3991365E+03  0.4628118E+01  0.1670380E+02
   0.3997676E+03  0.4638511E+01  0.1670843E+02
   0.4004008E+03  0.4648782E+01  0.1671300E+02
   0.4010360E+03  0.4658928E+01  0.1671752E+02
   0.4016732E+03  0.4668948E+01  0.1672198E+02
   0.4023124E+03  0.4678839E+01  0.1672640E+02
   0.4029536E+03  0.4688601E+01  0.1673076E+02
   0.4035969E+03  0.4698230E+01  0.1673508E+02
   0.4042423E+03  0.4707727E+01  0.1673935E+02
   0.4048897E+03  0.4717088E+01  0.1674358E+02
   0.4055392E+03  0.4726312E+01  0.1674776E+02
   0.4061908E+03  0.4735397E+01  0.1675191E+02
   0.4068445E+03  0.4744342E+01  0.1675601E+02
   0.4075002E+03  0.4753144E+01  0.1676008E+02
   0.4081582E+03  0.4761803E+01  0.1676412E+02
   0.4088182E+03  0.4770316E+01  0.1676812E+02
   0.4094804E+03  0.4778682E+01  0.1677209E+02
   0.4101447E+03  0.4786899E+01  0.1677603E+02
   0.4108112E+03  0.4794966E+01  0.1677995E+02
   0.4114798E+03  0.4802881E+01  0.1678385E+02
   0.4121507E+03  0.4810643E+01  0.1678772E+02
   0.4128237E+03  0.4818249E+01  0.1679157E+02
   0.4134989E+03  0.4825699E+01  0.1679541E+02
   0.4141763E+03  0.4832991E+01  0.1679923E+02
   0.4148560E+03  0.4840123E+01  0.1680304E+02
   0.4155379E+03  0.4847095E+01  0.1680684E+02
   0.4162220E+03  0.4853904E+01  0.1681063E+02
   0.4169084E+03  0.4860549E+01  0.1681441E+02
   0.4175971E+03  0.4867029E+01  0.1681820E+02
   0.4182880E+03  0.4873343E+01  0.1682198E+02
   0.4189813E+03  0.4879489E+01  0.1682576E+02
   0.4196768E+03  0.4885466E+01  0.1682955E+02
   0.4203746E+03  0.4891273E+01  0.1683335E+02
   0.4210748E+03  0.4896908E+01  0.1683716E+02
   0.4217773E+03  0.4902371E+01  0.1684098E+02
   0.4224822E+03  0.4907660E+01  0.1684481E+02
   0.4231894E+03  0.4912774E+01  0.1684867E+02
   0.4238990E+03  0.4917712E+01  0.1685254E+02
   0.4246110E+03  0.4922473E+01  0.1685644E+02
   0.4253253E+03  0.4927055E+01  0.1686037E+02
   0.4260421E+03  0.4931459E+01  0.1686433E+02
   0.4267613E+03  0.4935683E+01  0.1686831E+02
   0.4274829E+03  0.4939725E+01  0.1687234E+02
   0.4282070E+03  0.4943586E+01  0.1687640E+02
   0.4289335E+03  0.4947265E+01  0.1688051E+02
   0.4296625E+03  0.4950759E+01  0.1688466E+02
   0.4303940E+03  0.4954070E+01  0.1688885E+02
   0.4311280E+03  0.4957195E+01  0.1689310E+02
   0.4318645E+03  0.4960135E+01  0.1689740E+02
   0.4326035E+03  0.4962889E+01  0.1690176E+02
   0.4333450E+03  0.4965456E+01  0.1690618E+02
   0.4340891E+03  0.4967836E+01  0.1691066E+02
   0.4348357E+03  0.4970027E+01  0.1691521E+02
   0.4355849E+03  0.4972030E+01  0.1691983E+02
   0.4363367E+03  0.4973845E+01  0.1692453E+02
   0.4370911E+03  0.4975470E+01  0.1692930E+02
   0.4378482E+03  0.4976906E+01  0.1693415E+02
   0.4386078E+03  0.4978152E+01  0.1693908E+02
   0.4393701E+03  0.4979208E+01  0.1694410E+02
   0.4401350E+03  0.4980074E+01  0.1694921E+02
   0.4409026E+03  0.4980750E+01  0.1695442E+02
   0.4416729E+03  0.4981236E+01  0.1695972E+02
   0.4424459E+03  0.4981531E+01  0.1696513E+02
   0.4432216E+03  0.4981636E+01  0.1697063E+02
   0.4440000E+03  0.4981551E+01  0.1697625E+02
   0.4447812E+03  0.4981276E+01  0.1698198E+02
   0.4455651E+03  0.4980810E+01  0.1698782E+02
   0.4463517E+03  0.4980156E+01  0.1699379E+02
   0.4471412E+03  0.4979312E+01  0.1699987E+02
   0.4479335E+03  0.4978279E+01  0.1700608E+02
   0.4487285E+03  0.4977058E+01  0.1701242E+02
   0.4495264E+03  0.4975649E+01  0.1701890E+02
   0.4503272E+03  0.4974053E+01  0.1702551E+02
   0.4511308E+03  0.4972270E+01  0.1703227E+02
   0.4519372E+03  0.4970301E+01  0.1703917E+02
   0.4527466E+03  0.4968147E+01  0.1704622E+02
   0.4535589E+03  0.4965808E+01  0.1705342E+02
   0.4543741E+03  0.4963286E+01  0.1706078E+02
   0.4551922E+03  0.4960582E+01  0.1706830E+02
   0.4560133E+03  0.4957696E+01  0.1707598E+02
   0.4568373E+03  0.4954630E+01  0.1708383E+02
   0.4576643E+03  0.4951384E+01  0.1709186E+02
   0.4584943E+03  0.4947961E+01  0.1710006E+02
   0.4593274E+03  0.4944361E+01  0.1710844E+02
   0.4601634E+03  0.4940586E+01  0.1711700E+02
   0.4610026E+03  0.4936637E+01  0.1712575E+02
   0.4618448E+03  0.4932516E+01  0.1713470E+02
   0.4626900E+03  0.4928225E+01  0.1714384E+02
   0.4635384E+03  0.4923765E+01  0.1715318E+02
   0.4643899E+03  0.4919138E+01  0.1716272E+02
   0.4652445E+03  0.4914346E+01  0.1717247E+02
   0.4661023E+03  0.4909391E+01  0.1718244E+02
   0.4669632E+03  0.4904275E+01  0.1719261E+02
   0.4678273E+03  0.4899000E+01  0.1720301E+02
   0.4686947E+03  0.4893569E+01  0.1721363E+02
   0.4695652E+03  0.4887983E+01  0.1722448E+02
   0.4704390E+03  0.4882246E+01  0.1723557E+02
   0.4713161E+03  0.4876359E+01  0.1724688E+02
   0.4721964E+03  0.4870325E+01  0.1725844E+02
   0.4730800E+03  0.4864148E+01  0.1727024E+02
   0.4739669E+03  0.4857829E+01  0.1728229E+02
   0.4748572E+03  0.4851372E+01  0.1729458E+02
   0.4757508E+03  0.4844779E+01  0.1730714E+02
   0.4766478E+03  0.4838054E+01  0.1731995E+02
   0.4775482E+03  0.4831200E+01  0.1733302E+02
   0.4784520E+03  0.4824220E+01  0.1734637E+02
   0.4793592E+03  0.4817118E+01  0.1735998E+02
   0.4802698E+03  0.4809897E+01  0.1737387E+02
   0.4811840E+03  0.4802561E+01  0.1738803E+02
   0.4821016E+03  0.4795113E+01  0.1740248E+02
   0.4830227E+03  0.4787557E+01  0.1741721E+02
   0.4839473E+03  0.4779897E+01  0.1743223E+02
   0.4848755E+03  0.4772137E+01  0.1744754E+02
   0.4858073E+03  0.4764282E+01  0.1746315E+02
   0.4867426E+03  0.4756335E+01  0.1747906E+02
   0.4876816E+03  0.4748302E+01  0.1749528E+02
   0.4886242E+03  0.4740185E+01  0.1751180E+02
   0.4895704E+03  0.4731991E+01  0.1752863E+02
   0.4905203E+03  0.4723723E+01  0.1754577E+02
   0.4914739E+03  0.4715387E+01  0.1756323E+02
   0.4924312E+03  0.4706988E+01  0.1758101E+02
   0.4933923E+03  0.4698530E+01  0.1759912E+02
   0.4943571E+03  0.4690019E+01  0.1761755E+02
   0.4953257E+03  0.4681460E+01  0.1763631E+02
   0.4962981E+03  0.4672859E+01  0.1765540E+02
   0.4972743E+03  0.4664220E+01  0.1767482E+02
   0.4982544E+03  0.4655551E+01  0.1769459E+02
   0.4992383E+03  0.4646856E+01  0.1771469E+02
   0.5002261E+03  0.4638141E+01  0.1773514E+02
   0.5012179E+03  0.4629414E+01  0.1775593E+02
   0.5022136E+03  0.4620678E+01  0.1777707E+02
   0.5032132E+03  0.4611942E+01  0.1779857E+02
   0.5042169E+03  0.4603212E+01  0.1782041E+02
   0.5052245E+03  0.4594493E+01  0.1784261E+02
   0.5062362E+03  0.4585793E+01  0.1786516E+02
   0.5072520E+03  0.4577119E+01  0.1788808E+02
   0.5082718E+03  0.4568477E+01  0.1791135E+02
   0.5092957E+03  0.4559874E+01  0.1793499E+02
   0.5103238E+03  0.4551318E+01  0.1795899E+02
   0.5113560E+03  0.4542816E+01  0.1798335E+02
   0.5123925E+03  0.4534376E+01  0.1800808E+02
   0.5134331E+03  0.4526004E+01  0.1803317E+02
   0.5144779E+03  0.4517709E+01  0.1805864E+02
   0.5155271E+03  0.4509498E+01  0.1808447E+02
   0.5165805E+03  0.4501379E+01  0.1811067E+02
   0.5176382E+03  0.4493361E+01  0.1813724E+02
   0.5187003E+03  0.4485451E+01  0.1816418E+02
   0.5197667E+03  0.4477657E+01  0.1819148E+02
   0.5208375E+03  0.4469989E+01  0.1821916E+02
   0.5219128E+03  0.4462454E+01  0.1824721E+02
   0.5229925E+03  0.4455061E+01  0.1827562E+02
   0.5240767E+03  0.4447818E+01  0.1830440E+02
   0.5251653E+03  0.4440735E+01  0.1833355E+02
   0.5262585E+03  0.4433820E+01  0.1836306E+02
   0.5273563E+03  0.4427083E+01  0.1839294E+02
   0.5284587E+03  0.4420532E+01  0.1842317E+02
   0.5295657E+03  0.4414176E+01  0.1845377E+02
   0.5306773E+03  0.4408025E+01  0.1848473E+02
   0.5317936E+03  0.4402088E+01  0.1851604E+02
   0.5329146E+03  0.4396374E+01  0.1854770E+02
   0.5340404E+03  0.4390893E+01  0.1857971E+02
   0.5351709E+03  0.4385655E+01  0.1861207E+02
   0.5363062E+03  0.4380668E+01  0.1864477E+02
   0.5374463E+03  0.4375943E+01  0.1867781E+02
   0.5385913E+03  0.4371488E+01  0.1871118E+02
   0.5397412E+03  0.4367315E+01  0.1874488E+02
   0.5408960E+03  0.4363432E+01  0.1877891E+02
   0.5420557E+03  0.4359849E+01  0.1881326E+02
   0.5432205E+03  0.4356577E+01  0.1884792E+02
   0.5443902E+03  0.4353624E+01  0.1888290E+02
   0.5455650E+03  0.4351000E+01  0.1891817E+02
   0.5467449E+03  0.4348716E+01  0.1895374E+02
   0.5479299E+03  0.4346782E+01  0.1898960E+02
   0.5491201E+03  0.4345206E+01  0.1902575E+02
   0.5503154E+03  0.4343998E+01  0.1906217E+02
   0.5515160E+03  0.4343168E+01  0.1909885E+02
   0.5527218E+03  0.4342727E+01  0.1913580E+02
   0.5539328E+03  0.4342682E+01  0.1917299E+02
   0.5551492E+03  0.4343044E+01  0.1921043E+02
   0.5563710E+03  0.4343822E+01  0.1924809E+02
   0.5575981E+03  0.4345025E+01  0.1928598E+02
   0.5588307E+03  0.4346662E+01  0.1932409E+02
   0.5600687E+03  0.4348742E+01  0.1936239E+02
   0.5613122E+03  0.4351275E+01  0.1940088E+02
   0.5625613E+03  0.4354268E+01  0.1943955E+02
   0.5638159E+03  0.4357730E+01  0.1947839E+02
   0.5650762E+03  0.4361670E+01  0.1951738E+02
   0.5663421E+03  0.4366095E+01  0.1955652E+02
   0.5676136E+03  0.4371014E+01  0.1959578E+02
   0.5688909E+03  0.4376433E+01  0.1963516E+02
   0.5701740E+03  0.4382361E+01  0.1967464E+02
   0.5714628E+03  0.4388804E+01  0.1971421E+02
   0.5727575E+03  0.4395770E+01  0.1975384E+02
   0.5740581E+03  0.4403265E+01  0.1979354E+02
   0.5753646E+03  0.4411294E+01  0.1983328E+02
   0.5766771E+03  0.4419864E+01  0.1987304E+02
   0.5779955E+03  0.4428981E+01  0.1991281E+02
   0.5793200E+03  0.4438649E+01  0.1995258E+02
   0.5806506E+03  0.4448873E+01  0.1999231E+02
   0.5819873E+03  0.4459657E+01  0.2003201E+02
   0.5833302E+03  0.4471006E+01  0.2007164E+02
   0.5846793E+03  0.4482922E+01  0.2011120E+02
   0.5860346E+03  0.4495408E+01  0.2015065E+02
   0.5873963E+03  0.4508468E+01  0.2018999E+02
   0.5887643E+03  0.4522103E+01  0.2022919E+02
   0.5901386E+03  0.4536313E+01  0.2026823E+02
   0.5915194E+03  0.4551101E+01  0.2030710E+02
   0.5929067E+03  0.4566466E+01  0.2034577E+02
   0.5943005E+03  0.4582408E+01  0.2038422E+02
   0.5957009E+03  0.4598926E+01  0.2042242E+02
   0.5971079E+03  0.4616018E+01  0.2046037E+02
   0.5985215E+03  0.4633682E+01  0.2049803E+02
   0.5999419E+03  0.4651916E+01  0.2053539E+02
   0.6013690E+03  0.4670715E+01  0.2057242E+02
   0.6028029E+03  0.4690075E+01  0.2060910E+02
   0.6042437E+03  0.4709992E+01  0.2064541E+02
   0.6056914E+03  0.4730459E+01  0.2068132E+02
   0.6071460E+03  0.4751470E+01  0.2071681E+02
   0.6086076E+03  0.4773018E+01  0.2075186E+02
   0.6100763E+03  0.4795094E+01  0.2078644E+02
   0.6115521E+03  0.4817690E+01  0.2082054E+02
   0.6130351E+03  0.4840796E+01  0.2085412E+02
   0.6145253E+03  0.4864402E+01  0.2088717E+02
   0.6160227E+03  0.4888496E+01  0.2091965E+02
   0.6175274E+03  0.4913065E+01  0.2095156E+02
   0.6190395E+03  0.4938097E+01  0.2098286E+02
   0.6205591E+03  0.4963578E+01  0.2101353E+02
   0.6220861E+03  0.4989493E+01  0.2104355E+02
   0.6236206E+03  0.5015827E+01  0.2107289E+02
   0.6251628E+03  0.5042562E+01  0.2110153E+02
   0.6267125E+03  0.5069681E+01  0.2112946E+02
   0.6282700E+03  0.5097167E+01  0.2115663E+02
   0.6298353E+03  0.5124998E+01  0.2118305E+02
   0.6314083E+03  0.5153157E+01  0.2120867E+02
   0.6329893E+03  0.5181620E+01  0.2123349E+02
   0.6345781E+03  0.5210367E+01  0.2125748E+02
   0.6361750E+03  0.5239375E+01  0.2128061E+02
   0.6377800E+03  0.5268619E+01  0.2130288E+02
   0.6393930E+03  0.5298076E+01  0.2132425E+02
   0.6410142E+03  0.5327719E+01  0.2134471E+02
   0.6426437E+03  0.5357523E+01  0.2136425E+02
   0.6442815E+03  0.5387460E+01  0.2138284E+02
   0.6459276E+03  0.5417502E+01  0.2140046E+02
   0.6475822E+03  0.5447621E+01  0.2141710E+02
   0.6492453E+03  0.5477787E+01  0.2143274E+02
   0.6509169E+03  0.5507968E+01  0.2144737E+02
   0.6525972E+03  0.5538136E+01  0.2146097E+02
   0.6542862E+03  0.5568256E+01  0.2147353E+02
   0.6559839E+03  0.5598298E+01  0.2148504E+02
   0.6576905E+03  0.5628226E+01  0.2149548E+02
   0.6594059E+03  0.5658009E+01  0.2150483E+02
   0.6611304E+03  0.5687610E+01  0.2151310E+02
   0.6628639E+03  0.5716994E+01  0.2152027E+02
   0.6646065E+03  0.5746127E+01  0.2152634E+02
   0.6663583E+03  0.5774971E+01  0.2153128E+02
   0.6681193E+03  0.5803490E+01  0.2153511E+02
   0.6698897E+03  0.5831646E+01  0.2153780E+02
   0.6716695E+03  0.5859401E+01  0.2153937E+02
   0.6734587E+03  0.5886718E+01  0.2153980E+02
   0.6752576E+03  0.5913557E+01  0.2153909E+02
   0.6770660E+03  0.5939879E+01  0.2153724E+02
   0.6788842E+03  0.5965646E+01  0.2153425E+02
   0.6807122E+03  0.5990817E+01  0.2153013E+02
   0.6825500E+03  0.6015354E+01  0.2152486E+02
   0.6843978E+03  0.6039215E+01  0.2151846E+02
   0.6862556E+03  0.6062362E+01  0.2151094E+02
   0.6881235E+03  0.6084752E+01  0.2150228E+02
   0.6900017E+03  0.6106347E+01  0.2149251E+02
   0.6918901E+03  0.6127106E+01  0.2148164E+02
   0.6937889E+03  0.6146988E+01  0.2146966E+02
   0.6956981E+03  0.6165954E+01  0.2145659E+02
   0.6976178E+03  0.6183962E+01  0.2144244E+02
   0.6995482E+03  0.6200973E+01  0.2142722E+02
   0.7014893E+03  0.6216946E+01  0.2141095E+02
   0.7034412E+03  0.6231843E+01  0.2139365E+02
   0.7054040E+03  0.6245623E+01  0.2137532E+02
   0.7073778E+03  0.6258247E+01  0.2135598E+02
   0.7093627E+03  0.6269676E+01  0.2133566E+02
   0.7113587E+03  0.6279871E+01  0.2131437E+02
   0.7133660E+03  0.6288795E+01  0.2129213E+02
   0.7153846E+03  0.6296409E+01  0.2126896E+02
   0.7174147E+03  0.6302676E+01  0.2124490E+02
   0.7194564E+03  0.6307558E+01  0.2121995E+02
   0.7215097E+03  0.6311020E+01  0.2119414E+02
   0.7235748E+03  0.6313025E+01  0.2116751E+02
   0.7256517E+03  0.6313538E+01  0.2114007E+02
   0.7277406E+03  0.6312525E+01  0.2111186E+02
   0.7298415E+03  0.6309950E+01  0.2108290E+02
   0.7319546E+03  0.6305781E+01  0.2105322E+02
   0.7340800E+03  0.6299984E+01  0.2102285E+02
   0.7362178E+03  0.6292527E+01  0.2099183E+02
   0.7383680E+03  0.6283379E+01  0.2096018E+02
   0.7405308E+03  0.6272508E+01  0.2092794E+02
   0.7427064E+03  0.6259885E+01  0.2089514E+02
   0.7448948E+03  0.6245480E+01  0.2086181E+02
   0.7470961E+03  0.6229264E+01  0.2082800E+02
   0.7493104E+03  0.6211211E+01  0.2079373E+02
   0.7515379E+03  0.6191291E+01  0.2075904E+02
   0.7537788E+03  0.6169480E+01  0.2072398E+02
   0.7560330E+03  0.6145751E+01  0.2068857E+02
   0.7583007E+03  0.6120080E+01  0.2065286E+02
   0.7605821E+03  0.6092444E+01  0.2061689E+02
   0.7628772E+03  0.6062818E+01  0.2058069E+02
   0.7651862E+03  0.6031181E+01  0.2054430E+02
   0.7675093E+03  0.5997511E+01  0.2050777E+02
   0.7698465E+03  0.5961788E+01  0.2047114E+02
   0.7721980E+03  0.5923992E+01  0.2043444E+02
   0.7745639E+03  0.5884104E+01  0.2039773E+02
   0.7769443E+03  0.5842106E+01  0.2036104E+02
   0.7793394E+03  0.5797981E+01  0.2032441E+02
   0.7817493E+03  0.5751712E+01  0.2028790E+02
   0.7841742E+03  0.5703284E+01  0.2025154E+02
   0.7866142E+03  0.5652682E+01  0.2021537E+02
   0.7890694E+03  0.5599893E+01  0.2017945E+02
   0.7915399E+03  0.5544902E+01  0.2014382E+02
   0.7940260E+03  0.5487699E+01  0.2010852E+02
   0.7965278E+03  0.5428271E+01  0.2007359E+02
   0.7990453E+03  0.5366608E+01  0.2003909E+02
   0.8015789E+03  0.5302701E+01  0.2000506E+02
   0.8041285E+03  0.5236540E+01  0.1997155E+02
   0.8066945E+03  0.5168118E+01  0.1993861E+02
   0.8092768E+03  0.5097426E+01  0.1990627E+02
   0.8118757E+03  0.5024460E+01  0.1987459E+02
   0.8144914E+03  0.4949213E+01  0.1984362E+02
   0.8171240E+03  0.4871681E+01  0.1981341E+02
   0.8197737E+03  0.4791859E+01  0.1978400E+02
   0.8224406E+03  0.4709746E+01  0.1975544E+02
   0.8251249E+03  0.4625338E+01  0.1972778E+02
   0.8278268E+03  0.4538635E+01  0.1970107E+02
   0.8305464E+03  0.4449636E+01  0.1967537E+02
   0.8332840E+03  0.4358341E+01  0.1965071E+02
   0.8360397E+03  0.4264753E+01  0.1962716E+02
   0.8388137E+03  0.4168873E+01  0.1960476E+02
   0.8416061E+03  0.4070705E+01  0.1958356E+02
   0.8444172E+03  0.3970252E+01  0.1956361E+02
   0.8472471E+03  0.3867521E+01  0.1954498E+02
   0.8500961E+03  0.3762517E+01  0.1952770E+02
   0.8529643E+03  0.3655248E+01  0.1951183E+02
   0.8558519E+03  0.3545722E+01  0.1949742E+02
   0.8587591E+03  0.3433948E+01  0.1948453E+02
   0.8616861E+03  0.3319938E+01  0.1947322E+02
   0.8646332E+03  0.3203702E+01  0.1946353E+02
   0.8676005E+03  0.3085253E+01  0.1945551E+02
   0.8705882E+03  0.2964607E+01  0.1944923E+02
   0.8735966E+03  0.2841778E+01  0.1944474E+02
   0.8766259E+03  0.2716783E+01  0.1944210E+02
   0.8796762E+03  0.2589640E+01  0.1944135E+02
   0.8827478E+03  0.2460370E+01  0.1944257E+02
   0.8858410E+03  0.2328993E+01  0.1944580E+02
   0.8889559E+03  0.2195533E+01  0.1945110E+02
   0.8920928E+03  0.2060014E+01  0.1945853E+02
   0.8952519E+03  0.1922463E+01  0.1946815E+02
   0.8984334E+03  0.1782907E+01  0.1948001E+02
   0.9016377E+03  0.1641377E+01  0.1949418E+02
   0.9048649E+03  0.1497906E+01  0.1951071E+02
   0.9081152E+03  0.1352527E+01  0.1952966E+02
   0.9113891E+03  0.1205277E+01  0.1955110E+02
   0.9146866E+03  0.1056196E+01  0.1957508E+02
   0.9180080E+03  0.9053235E+00  0.1960167E+02
   0.9213537E+03  0.7527047E+00  0.1963091E+02
   0.9247238E+03  0.5983862E+00  0.1966288E+02
   0.9281187E+03  0.4424172E+00  0.1969764E+02
   0.9315386E+03  0.2848504E+00  0.1973523E+02
   0.9349838E+03  0.1257412E+00  0.1977573E+02
   0.9384545E+03 -0.3485158E-01  0.1981919E+02
   0.9419512E+03 -0.1968657E+00  0.1986566E+02
   0.9454740E+03 -0.3602356E+00  0.1991522E+02
   0.9490232E+03 -0.5248917E+00  0.1996792E+02
   0.9525992E+03 -0.6907608E+00  0.2002380E+02
   0.9562022E+03 -0.8577658E+00  0.2008294E+02
   0.9598326E+03 -0.1025825E+01  0.2014538E+02
   0.9634907E+03 -0.1194853E+01  0.2021118E+02
   0.9671768E+03 -0.1364760E+01  0.2028038E+02
   0.9708911E+03 -0.1535451E+01  0.2035304E+02
   0.9746341E+03 -0.1706825E+01  0.2042920E+02
   0.9784061E+03 -0.1878780E+01  0.2050891E+02
   0.9822074E+03 -0.2051204E+01  0.2059220E+02
   0.9860384E+03 -0.2223984E+01  0.2067913E+02
   0.9898993E+03 -0.2396999E+01  0.2076971E+02
   0.9937906E+03 -0.2570124E+01  0.2086399E+02
   0.9977126E+03 -0.2743229E+01  0.2096198E+02
   0.1001666E+04 -0.2916175E+01  0.2106371E+02
   0.1005650E+04 -0.3088821E+01  0.2116920E+02
   0.1009667E+04 -0.3261020E+01  0.2127845E+02
   0.1013715E+04 -0.3432617E+01  0.2139146E+02
   0.1017796E+04 -0.3603454E+01  0.2150824E+02
   0.1021911E+04 -0.3773365E+01  0.2162876E+02
   0.1026058E+04 -0.3942181E+01  0.2175301E+02
   0.1030240E+04 -0.4109727E+01  0.2188096E+02
   0.1034455E+04 -0.4275822E+01  0.2201256E+02
   0.1038705E+04 -0.4440280E+01  0.2214777E+02
   0.1042991E+04 -0.4602913E+01  0.2228653E+02
   0.1047311E+04 -0.4763527E+01  0.2242875E+02
   0.1051668E+04 -0.4921926E+01  0.2257435E+02
   0.1056061E+04 -0.5077908E+01  0.2272323E+02
   0.1060491E+04 -0.5231273E+01  0.2287528E+02
   0.1064959E+04 -0.5381816E+01  0.2303035E+02
   0.1069464E+04 -0.5529334E+01  0.2318830E+02
   0.1074007E+04 -0.5673623E+01  0.2334897E+02
   0.1078589E+04 -0.5814481E+01  0.2351216E+02
   0.1083211E+04 -0.5951708E+01  0.2367768E+02
   0.1087872E+04 -0.6085109E+01  0.2384530E+02
   0.1092574E+04 -0.6214494E+01  0.2401478E+02
   0.1097316E+04 -0.6339680E+01  0.2418586E+02
   0.1102100E+04 -0.6460492E+01  0.2435824E+02
   0.1106925E+04 -0.6576768E+01  0.2453163E+02
   0.1111793E+04 -0.6688355E+01  0.2470569E+02
   0.1116704E+04 -0.6795117E+01  0.2488008E+02
   0.1121659E+04 -0.6896934E+01  0.2505442E+02
   0.1126658E+04 -0.6993704E+01  0.2522832E+02
   0.1131701E+04 -0.7085348E+01  0.2540136E+02
   0.1136790E+04 -0.7171807E+01  0.2557313E+02
   0.1141925E+04 -0.7253052E+01  0.2574315E+02
   0.1147106E+04 -0.7329079E+01  0.2591096E+02
   0.1152335E+04 -0.7399915E+01  0.2607608E+02
   0.1157611E+04 -0.7465619E+01  0.2623801E+02
   0.1162937E+04 -0.7526288E+01  0.2639622E+02
   0.1168311E+04 -0.7582051E+01  0.2655021E+02
   0.1173735E+04 -0.7633080E+01  0.2669945E+02
   0.1179210E+04 -0.7679583E+01  0.2684339E+02
   0.1184736E+04 -0.7721814E+01  0.2698150E+02
   0.1190314E+04 -0.7760067E+01  0.2711326E+02
   0.1195945E+04 -0.7794680E+01  0.2723813E+02
   0.1201630E+04 -0.7826035E+01  0.2735561E+02
   0.1207368E+04 -0.7854558E+01  0.2746518E+02
   0.1213162E+04 -0.7880720E+01  0.2756637E+02
   0.1219012E+04 -0.7905033E+01  0.2765870E+02
   0.1224918E+04 -0.7928051E+01  0.2774175E+02
   0.1230882E+04 -0.7950368E+01  0.2781510E+02
   0.1236905E+04 -0.7972617E+01  0.2787838E+02
   0.1242986E+04 -0.7995463E+01  0.2793125E+02
   0.1249128E+04 -0.8019607E+01  0.2797342E+02
   0.1255330E+04 -0.8045775E+01  0.2800462E+02
   0.1261595E+04 -0.8074721E+01  0.2802466E+02
   0.1267922E+04 -0.8107218E+01  0.2803337E+02
   0.1274313E+04 -0.8144056E+01  0.2803064E+02
   0.1280769E+04 -0.8186038E+01  0.2801641E+02
   0.1287291E+04 -0.8233974E+01  0.2799068E+02
   0.1293879E+04 -0.8288676E+01  0.2795349E+02
   0.1300535E+04 -0.8350955E+01  0.2790494E+02
   0.1307260E+04 -0.8421616E+01  0.2784518E+02
   0.1314055E+04 -0.8501451E+01  0.2777440E+02
   0.1320921E+04 -0.8591239E+01  0.2769285E+02
   0.1327859E+04 -0.8691739E+01  0.2760083E+02
   0.1334871E+04 -0.8803686E+01  0.2749867E+02
   0.1341956E+04 -0.8927792E+01  0.2738674E+02
   0.1349118E+04 -0.9064736E+01  0.2726547E+02
   0.1356356E+04 -0.9215168E+01  0.2713529E+02
   0.1363672E+04 -0.9379703E+01  0.2699668E+02
   0.1371068E+04 -0.9558922E+01  0.2685015E+02
   0.1378544E+04 -0.9753368E+01  0.2669622E+02
   0.1386103E+04 -0.9963547E+01  0.2653543E+02
   0.1393744E+04 -0.1018993E+02  0.2636833E+02
   0.1401471E+04 -0.1043295E+02  0.2619549E+02
   0.1409283E+04 -0.1069300E+02  0.2601749E+02
   0.1417183E+04 -0.1097044E+02  0.2583490E+02
   0.1425173E+04 -0.1126560E+02  0.2564829E+02
   0.1433252E+04 -0.1157876E+02  0.2545824E+02
   0.1441424E+04 -0.1191020E+02  0.2526531E+02
   0.1449690E+04 -0.1226014E+02  0.2507005E+02
   0.1458051E+04 -0.1262879E+02  0.2487301E+02
   0.1466509E+04 -0.1301633E+02  0.2467472E+02
   0.1475065E+04 -0.1342291E+02  0.2447571E+02
   0.1483723E+04 -0.1384869E+02  0.2427646E+02
   0.1492482E+04 -0.1429377E+02  0.2407746E+02
   0.1501345E+04 -0.1475828E+02  0.2387917E+02
   0.1510315E+04 -0.1524229E+02  0.2368204E+02
   0.1519392E+04 -0.1574590E+02  0.2348650E+02
   0.1528578E+04 -0.1626920E+02  0.2329295E+02
   0.1537877E+04 -0.1681224E+02  0.2310177E+02
   0.1547290E+04 -0.1737510E+02  0.2291333E+02
   0.1556818E+04 -0.1795786E+02  0.2272798E+02
   0.1566464E+04 -0.1856059E+02  0.2254605E+02
   0.1576231E+04 -0.1918336E+02  0.2236783E+02
   0.1586120E+04 -0.1982626E+02  0.2219364E+02
   0.1596135E+04 -0.2048937E+02  0.2202373E+02
   0.1606276E+04 -0.2117280E+02  0.2185836E+02
   0.1616547E+04 -0.2187665E+02  0.2169778E+02
   0.1626950E+04 -0.2260105E+02  0.2154222E+02
   0.1637488E+04 -0.2334613E+02  0.2139189E+02
   0.1648164E+04 -0.2411204E+02  0.2124699E+02
   0.1658980E+04 -0.2489895E+02  0.2110772E+02
   0.1669938E+04 -0.2570703E+02  0.2097425E+02
   0.1681042E+04 -0.2653650E+02  0.2084675E+02
   0.1692295E+04 -0.2738757E+02  0.2072538E+02
   0.1703700E+04 -0.2826048E+02  0.2061030E+02
   0.1715259E+04 -0.2915549E+02  0.2050166E+02
   0.1726976E+04 -0.3007289E+02  0.2039960E+02
   0.1738855E+04 -0.3101298E+02  0.2030426E+02
   0.1750898E+04 -0.3197609E+02  0.2021576E+02
   0.1763108E+04 -0.3296258E+02  0.2013425E+02
   0.1775491E+04 -0.3397282E+02  0.2005985E+02
   0.1788048E+04 -0.3500723E+02  0.1999268E+02
   0.1800785E+04 -0.3606623E+02  0.1993289E+02
   0.1813704E+04 -0.3715028E+02  0.1988058E+02
   0.1826810E+04 -0.3825987E+02  0.1983591E+02
   0.1840107E+04 -0.3939552E+02  0.1979899E+02
   0.1853599E+04 -0.4055778E+02  0.1976997E+02
   0.1867290E+04 -0.4174723E+02  0.1974897E+02
   0.1881185E+04 -0.4296447E+02  0.1973616E+02
   0.1895288E+04 -0.4421015E+02  0.1973167E+02
   0.1909604E+04 -0.4548495E+02  0.1973566E+02
   0.1924138E+04 -0.4678958E+02  0.1974830E+02
   0.1938895E+04 -0.4812479E+02  0.1976975E+02
   0.1953880E+04 -0.4949137E+02  0.1980019E+02
   0.1969099E+04 -0.5089015E+02  0.1983982E+02
   0.1984556E+04 -0.5232199E+02  0.1988882E+02
   0.2000258E+04 -0.5378780E+02  0.1994741E+02
   0.2016211E+04 -0.5528854E+02  0.2001580E+02
   0.2032420E+04 -0.5682520E+02  0.2009424E+02
   0.2048892E+04 -0.5839882E+02  0.2018296E+02
   0.2065633E+04 -0.6001049E+02  0.2028223E+02
   0.2082650E+04 -0.6166137E+02  0.2039233E+02
   0.2099949E+04 -0.6335265E+02  0.2051354E+02
   0.2117538E+04 -0.6508558E+02  0.2064617E+02
   0.2135425E+04 -0.6686146E+02  0.2079056E+02
   0.2153616E+04 -0.6868168E+02  0.2094705E+02
   0.2172120E+04 -0.7054766E+02  0.2111601E+02
   0.2190944E+04 -0.7246089E+02  0.2129783E+02
   0.2210098E+04 -0.7442295E+02  0.2149292E+02
   0.2229590E+04 -0.7643548E+02  0.2170173E+02
   0.2249428E+04 -0.7850019E+02  0.2192471E+02
   0.2269623E+04 -0.8061887E+02  0.2216237E+02
   0.2290183E+04 -0.8279341E+02  0.2241523E+02
   0.2311119E+04 -0.8502577E+02  0.2268383E+02
   0.2332442E+04 -0.8731799E+02  0.2296878E+02
   0.2354162E+04 -0.8967225E+02  0.2327070E+02
   0.2376290E+04 -0.9209080E+02  0.2359024E+02
   0.2398838E+04 -0.9457599E+02  0.2392812E+02
   0.2421818E+04 -0.9713030E+02  0.2428508E+02
   0.2445243E+04 -0.9975634E+02  0.2466192E+02
   0.2469125E+04 -0.1024568E+03  0.2505947E+02
   0.2493478E+04 -0.1052346E+03  0.2547863E+02
   0.2518317E+04 -0.1080927E+03  0.2592036E+02
   0.2543655E+04 -0.1110342E+03  0.2638567E+02
   0.2569508E+04 -0.1140624E+03  0.2687562E+02
   0.2595893E+04 -0.1171809E+03  0.2739138E+02
   0.2622824E+04 -0.1203932E+03  0.2793415E+02
   0.2650321E+04 -0.1237032E+03  0.2850522E+02
   0.2678400E+04 -0.1271148E+03  0.2910599E+02
   0.2707080E+04 -0.1306325E+03  0.2973793E+02
   0.2736382E+04 -0.1342605E+03  0.3040259E+02
   0.2766324E+04 -0.1380037E+03  0.3110166E+02
   0.2796929E+04 -0.1418669E+03  0.3183693E+02
   0.2828219E+04 -0.1458554E+03  0.3261029E+02
   0.2860217E+04 -0.1499746E+03  0.3342378E+02
   0.2892947E+04 -0.1542305E+03  0.3427959E+02
   0.2926435E+04 -0.1586291E+03  0.3518004E+02
   0.2960707E+04 -0.1631769E+03  0.3612763E+02
   0.2995792E+04 -0.1678808E+03  0.3712503E+02
   0.3031718E+04 -0.1727479E+03  0.3817510E+02
   0.3068516E+04 -0.1777860E+03  0.3928090E+02
   0.3106219E+04 -0.1830032E+03  0.4044574E+02
   0.3144859E+04 -0.1884081E+03  0.4167315E+02
   0.3184473E+04 -0.1940098E+03  0.4296694E+02
   0.3225098E+04 -0.1998179E+03  0.4433120E+02
   0.3266772E+04 -0.2058428E+03  0.4577033E+02
   0.3309538E+04 -0.2120953E+03  0.4728909E+02
   0.3353438E+04 -0.2185870E+03  0.4889258E+02
   0.3398519E+04 -0.2253303E+03  0.5058634E+02
   0.3444828E+04 -0.2323382E+03  0.5237633E+02
   0.3492416E+04 -0.2396248E+03  0.5426902E+02
   0.3541338E+04 -0.2472050E+03  0.5627138E+02
   0.3591650E+04 -0.2550946E+03  0.5839099E+02
   0.3643412E+04 -0.2633107E+03  0.6063606E+02
   0.3696688E+04 -0.2718713E+03  0.6301551E+02
   0.3751545E+04 -0.2807959E+03  0.6553902E+02
   0.3808054E+04 -0.2901052E+03  0.6821713E+02
   0.3866292E+04 -0.2998215E+03  0.7106133E+02
   0.3926339E+04 -0.3099686E+03  0.7408414E+02
   0.3988281E+04 -0.3205721E+03  0.7729924E+02
   0.4052208E+04 -0.3316595E+03  0.8072157E+02
   0.4118218E+04 -0.3432603E+03  0.8436749E+02
   0.4186414E+04 -0.3554063E+03  0.8825494E+02
   0.4256907E+04 -0.3681317E+03  0.9240360E+02
   0.4329815E+04 -0.3814735E+03  0.9683509E+02
   0.4405263E+04 -0.3954716E+03  0.1015732E+03
   0.4483388E+04 -0.4101689E+03  0.1066442E+03
   0.4564333E+04 -0.4256120E+03  0.1120771E+03
   0.4648255E+04 -0.4418514E+03  0.1179037E+03
   0.4735321E+04 -0.4589417E+03  0.1241597E+03
   0.4825711E+04 -0.4769422E+03  0.1308843E+03
   0.4919619E+04 -0.4959173E+03  0.1381211E+03
   0.5017254E+04 -0.5159371E+03  0.1459188E+03
   0.5118843E+04 -0.5370779E+03  0.1543316E+03
   0.5224631E+04 -0.5594228E+03  0.1634200E+03
   0.5334884E+04 -0.5830627E+03  0.1732517E+03
   0.5449890E+04 -0.6080969E+03  0.1839027E+03
   0.5569964E+04 -0.6346340E+03  0.1954583E+03
   0.5695448E+04 -0.6627929E+03  0.2080147E+03
   0.5826717E+04 -0.6927043E+03  0.2216802E+03
   0.5964179E+04 -0.7245117E+03  0.2365775E+03
   0.6108284E+04 -0.7583729E+03  0.2528456E+03
   0.6259525E+04 -0.7944618E+03  0.2706424E+03
   0.6418446E+04 -0.8329702E+03  0.2901480E+03
   0.6585646E+04 -0.8741098E+03  0.3115677E+03
   0.6761790E+04 -0.9181149E+03  0.3351369E+03
   0.6947616E+04 -0.9652448E+03  0.3611258E+03
   0.7143945E+04 -0.1015787E+04  0.3898454E+03
   0.7351691E+04 -0.1070061E+04  0.4216552E+03
   0.7571883E+04 -0.1128421E+04  0.4569711E+03
   0.7805671E+04 -0.1191261E+04  0.4962770E+03
   0.8054356E+04 -0.1259021E+04  0.5401365E+03
   0.8319409E+04 -0.1332189E+04  0.5892092E+03
   0.8602500E+04 -0.1411310E+04  0.6442691E+03
   0.8905536E+04 -0.1496992E+04  0.7062283E+03
   0.9230700E+04 -0.1589912E+04  0.7761650E+03
   0.9580510E+04 -0.1690825E+04  0.8553591E+03
   0.9957878E+04 -0.1800570E+04  0.9453361E+03
   0.1036619E+05 -0.1920079E+04  0.1047921E+04
   0.1080942E+05 -0.2050386E+04  0.1165309E+04
   0.1129225E+05 -0.2192632E+04  0.1300146E+04
   0.1182023E+05 -0.2348069E+04  0.1455646E+04
   0.1240000E+05 -0.2518062E+04  0.1635721E+04
