225	1.63821	2.1276
245	1.76635	2.17839
265	1.82494	2.2699
285	1.92294	2.46265
305	2.12135	2.59006
325	2.27557	2.64287
345	2.41751	2.70687
365	2.57339	2.87777
385	2.92606	2.81704
405	3.05627	2.70607
425	3.14214	2.62276
445	3.1933	2.56754
465	3.23532	2.53779
485	3.28109	2.5301
505	3.31518	2.55014
525	3.35473	2.54362
545	3.38597	2.54364
565	3.41737	2.54322
585	3.44908	2.55613
605	3.48445	2.56719
625	3.51477	2.58356
645	3.54661	2.60077
665	3.58019	2.62087
685	3.61073	2.63956
705	3.64409	2.66104
725	3.67566	2.67994
745	3.70941	2.70311
765	3.74178	2.72723
785	3.77427	2.74516
805	3.80473	2.76766
825	3.83882	2.78435
845	3.86388	2.81646
865	3.90029	2.85805
885	3.93705	2.86943
905	3.97706	2.89542
925	4.00412	2.89586
945	4.06803	2.95949
965	4.06887	2.94058
985	4.14411	2.9579
1005	4.21547	2.94027
1025	4.35014	2.86035
1045	4.1677	2.99132
1065	4.19251	3.00726
1085	4.22674	3.04246
1105	4.26337	3.07493
1125	4.29334	3.06436
1145	4.28916	3.07203
1165	4.31617	3.09723
1185	4.37273	3.12774
1205	4.35189	3.10251
1225	4.36336	3.10784
1245	4.39642	3.1316
1265	4.41441	3.14108
1285	4.46474	3.1744
1305	4.48437	3.19199
1325	4.48405	3.18976
1345	4.51827	3.20627
1365	4.55242	3.23584
1385	4.5792	3.26284
1405	4.55865	3.24603
1425	4.58276	3.26112
1445	4.61813	3.28548
1465	4.63642	3.3149
1485	4.65432	3.34054
1505	4.67104	3.33852
1525	4.71313	3.38299
1545	4.75272	3.41643
1565	4.72141	3.4016
1585	4.74289	3.41314
1605	4.75494	3.41633
1625	4.77872	3.43995
1645	4.7916	3.46272
1665	4.79537	3.47123
1685	4.86713	3.51857
1705	4.8647	3.53071
1725	4.90736	3.58866
1745	4.88435	3.56707
1765	4.90094	3.58915
1785	4.90457	3.59483
1805	4.94012	3.61772
1825	4.94729	3.6358
1845	4.98767	3.67157
1865	4.96936	3.67704
1885	4.99806	3.68877
1905	4.99796	3.69549
1925	5.02162	3.72418
1945	5.04568	3.73566
1965	5.07138	3.7773
1985	5.04702	3.78892
2005	5.04258	3.76099
2025	5.05811	3.77864
2045	5.10267	3.82805
2065	5.118	3.84653
2085	5.1266	3.85819
2105	5.12465	3.88511
2125	5.13325	3.89677
2145	5.14185	3.90843
2165	5.15045	3.92009
2185	5.15905	3.93175
2205	5.16765	3.94341
2225	5.17625	3.95507
2245	5.18485	3.96673
2265	5.19345	3.97839
2285	5.20205	3.99005
2305	5.21065	4.00171
2325	5.21925	4.01337
2345	5.22785	4.02503
2365	5.23645	4.03669
2385	5.24505	4.04835
2405	5.25365	4.06001
2425	5.26225	4.07167
2445	5.27085	4.08333
2465	5.27945	4.09499
2485	5.28805	4.10665
2505	5.29665	4.11831
2525	5.30525	4.12997
2545	5.31385	4.14163
2565	5.32245	4.15329
2585	5.33105	4.16495
2605	5.33965	4.17661
2625	5.34825	4.18827
2645	5.35685	4.19993
2665	5.36545	4.21159
2685	5.37405	4.22325
2705	5.38265	4.23491
2725	5.39125	4.24657
2745	5.39985	4.25823
2765	5.40845	4.26989
2785	5.41705	4.28155
2805	5.42565	4.29321
2825	5.43425	4.30487
2845	5.44285	4.31653
2865	5.45145	4.32819
2885	5.46005	4.33985
2905	5.46865	4.35151
2925	5.47725	4.36317
2945	5.48585	4.37483
2965	5.49445	4.38649
2985	5.50305	4.39815
3005	5.51165	4.40981
3025	5.52025	4.42147
3045	5.52885	4.43313
3065	5.53745	4.44479
3085	5.54605	4.45645
3105	5.55465	4.46811
3125	5.56325	4.47977
3145	5.57185	4.49143
3165	5.58045	4.50309
3185	5.58905	4.51475
3205	5.59765	4.52641
3225	5.60625	4.53807
3245	5.61485	4.54973
3265	5.62345	4.56139
3285	5.63205	4.57305
3305	5.64065	4.58471
3325	5.64925	4.59637
3345	5.65785	4.60803
3365	5.66645	4.61969
3385	5.67505	4.63135
3405	5.68365	4.64301
3425	5.69225	4.65467
3445	5.70085	4.66633
3465	5.70945	4.67799
3485	5.71805	4.68965
3505	5.72665	4.70131
3525	5.73525	4.71297
3545	5.74385	4.72463
3565	5.75245	4.73629
3585	5.76105	4.74795
3605	5.76965	4.75961
3625	5.77825	4.77127
3645	5.78685	4.78293
3665	5.79545	4.79459
3685	5.80405	4.80625
3705	5.81265	4.81791
3725	5.82125	4.82957
3745	5.82985	4.84123
3765	5.83845	4.85289
3785	5.84705	4.86455
3805	5.85565	4.87621
3825	5.86425	4.88787
3845	5.87285	4.89953
3865	5.88145	4.91119
3885	5.89005	4.92285
3905	5.89865	4.93451
3925	5.90725	4.94617
3945	5.91585	4.95783
3965	5.92445	4.96949
3985	5.93305	4.98115
4005	5.94165	4.99281
4025	5.95025	5.00447
4045	5.95885	5.01613
4065	5.96745	5.02779
4085	5.97605	5.03945
4105	5.98465	5.05111
4125	5.99325	5.06277
4145	6.00185	5.07443
4165	6.01045	5.08609
4185	6.01905	5.09775
4205	6.02765	5.10941
4225	6.03625	5.12107
4245	6.04485	5.13273
4265	6.05345	5.14439
4285	6.06205	5.15605
4305	6.07065	5.16771
4325	6.07925	5.17937
4345	6.08785	5.19103
4365	6.09645	5.20269
4385	6.10505	5.21435
4405	6.11365	5.22601
4425	6.12225	5.23767
4445	6.13085	5.24933
4465	6.13945	5.26099
4485	6.14805	5.27265
4505	6.15665	5.28431
4525	6.16525	5.29597
4545	6.17385	5.30763
4565	6.18245	5.31929
4585	6.19105	5.33095
4605	6.19965	5.34261
4625	6.20825	5.35427
4645	6.21685	5.36593
4665	6.22545	5.37759
4685	6.23405	5.38925
4705	6.24265	5.40091
4725	6.25125	5.41257
4745	6.25985	5.42423
4765	6.26845	5.43589
4785	6.27705	5.44755
4805	6.28565	5.45921
4825	6.29425	5.47087
4845	6.30285	5.48253
4865	6.31145	5.49419
4885	6.32005	5.50585
4905	6.32865	5.51751
4925	6.33725	5.52917
4945	6.34585	5.54083
4965	6.35445	5.55249
4985	6.36305	5.56415
5005	6.37165	5.57581
5025	6.38025	5.58747
5045	6.38885	5.59913
5065	6.39745	5.61079
5085	6.40605	5.62245
5105	6.41465	5.63411
5125	6.42325	5.64577
5145	6.43185	5.65743
5165	6.44045	5.66909
5185	6.44905	5.68075
5205	6.45765	5.69241
5225	6.46625	5.70407
5245	6.47485	5.71573
5265	6.48345	5.72739
5285	6.49205	5.73905
5305	6.50065	5.75071
5325	6.50925	5.76237
5345	6.51785	5.77403
5365	6.52645	5.78569
5385	6.53505	5.79735
5405	6.54365	5.80901
5425	6.55225	5.82067
5445	6.56085	5.83233
5465	6.56945	5.84399
5485	6.57805	5.85565
5505	6.58665	5.86731
5525	6.59525	5.87897
5545	6.60385	5.89063
5565	6.61245	5.90229
5585	6.62105	5.91395
5605	6.62965	5.92561
5625	6.63825	5.93727
5645	6.64685	5.94893
5665	6.65545	5.96059
5685	6.66405	5.97225
5705	6.67265	5.98391
5725	6.68125	5.99557
5745	6.68985	6.00723
5765	6.69845	6.01889
5785	6.70705	6.03055
5805	6.71565	6.04221
5825	6.72425	6.05387
5845	6.73285	6.06553
5865	6.74145	6.07719
5885	6.75005	6.08885
5905	6.75865	6.10051
5925	6.76725	6.11217
5945	6.77585	6.12383
5965	6.78445	6.13549
5985	6.79305	6.14715
6005	6.80165	6.15881
