  0.000000  0.700000     0.800000       1700.000000   9     0.5997433249  1.1824352377e+05
  0.000000  0.750000     0.750000       1700.000000   9     0.5995162839  1.2080900652e+05
  0.000000  1.400000     1.250000       1700.000000   14     0.6012529975  8.8122062175e+04
  0.000000  1.400000     1.300000       1700.000000   14     0.6010138226  8.8270361142e+04
  0.000000  1.450000     1.200000       1700.000000   14     0.6035382557  8.7468591519e+04
  0.000000  1.450000     1.250000       1700.000000   14     0.6028836006  8.7600049907e+04
  0.000000  1.500000     1.150000       1700.000000   14     0.6048572176  8.6580699484e+04
  0.000000  1.550000     1.100000       1700.000000   14     0.6049902320  8.5607672418e+04
  0.050000  0.700000     0.750000       1700.000000   9     0.5981194121  1.2406722392e+05
  0.050000  0.700000     0.800000       1700.000000   9     0.5989455462  1.2084362907e+05
  0.050000  0.750000     0.750000       1700.000000   9     0.5987415769  1.2329672734e+05
  0.100000  0.650000     0.800000       1700.000000   9     0.5980315771  1.2476111140e+05
  0.100000  0.700000     0.750000       1700.000000   9     0.5977028796  1.2708552478e+05
  0.100000  0.750000     0.750000       1700.000000   9     0.5978017602  1.2618913327e+05
  0.150000  0.650000     0.800000       1700.000000   9     0.5974559024  1.2840165097e+05
  0.150000  0.700000     0.750000       1700.000000   9     0.5971762384  1.3059603668e+05
  0.200000  0.650000     0.800000       1700.000000   9     0.5967220450  1.3262680396e+05
  0.200000  0.700000     0.750000       1700.000000   9     0.5964891271  1.3467449279e+05
  0.250000  0.650000     0.750000       1700.000000   9     0.5952831305  1.4007924684e+05
  0.250000  0.650000     0.800000       1700.000000   9     0.5957578436  1.3752040323e+05
  0.250000  0.700000     0.750000       1700.000000   9     0.5955658650  1.3940344390e+05
  0.300000  0.600000     0.800000       1700.000000   9     0.5949197338  1.4391381077e+05
  0.300000  0.650000     0.750000       1700.000000   9     0.5948199862  1.4571225151e+05
  0.350000  0.600000     0.800000       1700.000000   9     0.5940955958  1.5058991289e+05
  0.350000  0.650000     0.750000       1700.000000   9     0.5940518187  1.5221948267e+05
  0.350000  0.700000     0.700000       1700.000000   9     0.5930069913  1.5306568078e+05
  0.400000  0.600000     0.750000       1700.000000   9     0.5919040183  1.5973746511e+05
  0.400000  0.600000     0.800000       1700.000000   9     0.5927975958  1.5824317819e+05
  0.400000  0.650000     0.700000       1700.000000   9     0.5912003796  1.6053054804e+05
  0.400000  0.650000     0.750000       1700.000000   9     0.5927892922  1.5968972488e+05
  0.400000  0.700000     0.700000       1700.000000   9     0.5918169046  1.6032409559e+05
  0.450000  0.600000     0.750000       1700.000000   9     0.5909548032  1.6841233028e+05
  0.450000  0.650000     0.700000       1700.000000   9     0.5903455492  1.6903043441e+05
  0.500000  0.600000     0.750000       1700.000000   9     0.5891512083  1.7821702797e+05
  0.500000  0.650000     0.700000       1700.000000   9     0.5885981354  1.7866467367e+05
  0.550000  0.600000     0.750000       1700.000000   9     0.5859709035  1.8907798846e+05
  0.550000  0.650000     0.700000       1700.000000   9     0.5854184057  1.8936620845e+05
  0.600000  0.600000     0.750000       1700.000000   9     0.5806641422  2.0072832181e+05
  0.600000  0.650000     0.700000       1700.000000   9     0.5800390780  2.0087413119e+05
  0.650000  0.600000     0.700000       1700.000000   9     0.5735913611  2.1273408722e+05
  0.700000  0.600000     0.700000       1700.000000   9     0.5633047368  2.2469955929e+05
  0.750000  0.600000     0.700000       1700.000000   9     0.5478709811  2.3475553680e+05
  0.800000  0.600000     0.600000       1700.000000   6     0.3953191276  2.4707177829e+05
  0.800000  0.600000     0.650000       1700.000000   6     0.3953191276  2.4707177829e+05
  0.800000  0.600000     0.650000       1700.000000   9     0.5269019760  2.4078507099e+05
  0.800000  0.600000     0.700000       1700.000000   6     0.3953191276  2.4707177829e+05
  0.800000  0.600000     0.700000       1700.000000   9     0.5265635892  2.4103813647e+05
  0.800000  0.600000     0.750000       1700.000000   6     0.3953191276  2.4707177829e+05
  0.800000  0.600000     0.800000       1700.000000   6     0.3953191276  2.4707177829e+05
  0.800000  0.600000     0.850000       1700.000000   6     0.3953191276  2.4707177829e+05
  0.800000  0.600000     0.900000       1700.000000   6     0.3953191276  2.4707177829e+05
  0.800000  0.600000     0.950000       1700.000000   6     0.3953191276  2.4707177829e+05
  0.800000  0.600000     1.000000       1700.000000   6     0.3953191276  2.4707177829e+05
  0.800000  0.600000     1.050000       1700.000000   6     0.3953191276  2.4707177829e+05
  0.800000  0.600000     1.100000       1700.000000   6     0.3953191276  2.4707177829e+05
  0.800000  0.600000     1.150000       1700.000000   6     0.3953191276  2.4707177829e+05
  0.800000  0.600000     1.200000       1700.000000   6     0.3953191276  2.4707177829e+05
  0.800000  0.600000     1.250000       1700.000000   6     0.3953191276  2.4707177829e+05
  0.800000  0.600000     1.300000       1700.000000   6     0.3953191276  2.4707177829e+05
  0.800000  0.600000     1.350000       1700.000000   6     0.3953191276  2.4707177829e+05
  0.800000  0.600000     1.400000       1700.000000   6     0.3953191276  2.4707177829e+05
  0.800000  0.600000     1.450000       1700.000000   6     0.3953191276  2.4707177829e+05
  0.800000  0.600000     1.500000       1700.000000   6     0.3953191276  2.4707177829e+05
  0.800000  0.600000     1.550000       1700.000000   6     0.3953191276  2.4707177829e+05
  0.850000  0.600000     0.600000       1700.000000   6     0.3713499268  2.4848918584e+05
  0.850000  0.600000     0.650000       1700.000000   6     0.3713499268  2.4848918584e+05
  0.850000  0.600000     0.650000       1700.000000   9     0.5020537571  2.4289802412e+05
  0.850000  0.600000     0.700000       1700.000000   6     0.3713499268  2.4848918584e+05
  0.850000  0.600000     0.750000       1700.000000   6     0.3713499268  2.4848918584e+05
  0.850000  0.600000     0.800000       1700.000000   6     0.3713499268  2.4848918584e+05
  0.850000  0.600000     0.850000       1700.000000   6     0.3713499268  2.4848918584e+05
  0.850000  0.600000     0.900000       1700.000000   6     0.3713499268  2.4848918584e+05
  0.850000  0.600000     0.950000       1700.000000   6     0.3713499268  2.4848918584e+05
  0.850000  0.600000     1.000000       1700.000000   6     0.3713499268  2.4848918584e+05
  0.850000  0.600000     1.050000       1700.000000   6     0.3713499268  2.4848918584e+05
  0.850000  0.600000     1.100000       1700.000000   6     0.3713499268  2.4848918584e+05
  0.850000  0.600000     1.150000       1700.000000   6     0.3713499268  2.4848918584e+05
  0.850000  0.600000     1.200000       1700.000000   6     0.3713499268  2.4848918584e+05
  0.850000  0.600000     1.250000       1700.000000   6     0.3713499268  2.4848918584e+05
  0.850000  0.600000     1.300000       1700.000000   6     0.3713499268  2.4848918584e+05
  0.850000  0.600000     1.350000       1700.000000   6     0.3713499268  2.4848918584e+05
  0.850000  0.600000     1.400000       1700.000000   6     0.3713499268  2.4848918584e+05
  0.850000  0.600000     1.450000       1700.000000   6     0.3713499268  2.4848918584e+05
  0.850000  0.600000     1.500000       1700.000000   6     0.3713499268  2.4848918584e+05
  0.850000  0.600000     1.550000       1700.000000   6     0.3713499268  2.4848918584e+05
