  0.000000  0.650000     0.850000       1700.000000   9     0.5908197414  1.1935091599e+05
  0.000000  1.400000     1.150000       1700.000000   22     0.5912964472  9.3826049250e+04
  0.050000  0.650000     0.850000       1700.000000   9     0.5907275978  1.2209874360e+05
  0.100000  0.600000     0.850000       1700.000000   9     0.5904060401  1.2766374161e+05
  0.100000  0.650000     0.800000       1700.000000   9     0.5903901765  1.2895344434e+05
  0.100000  0.700000     0.750000       1700.000000   9     0.5896630061  1.2976352737e+05
  0.150000  0.650000     0.800000       1700.000000   9     0.5894022637  1.3757442522e+05
  0.150000  0.700000     0.700000       1700.000000   9     0.5865849322  1.3881400620e+05
  0.150000  0.700000     0.750000       1700.000000   9     0.5887604719  1.3830579117e+05
  0.150000  0.750000     0.700000       1700.000000   9     0.5873889738  1.3846504961e+05
  0.200000  0.650000     0.750000       1700.000000   9     0.5830563480  1.5116049526e+05
  0.200000  0.650000     0.800000       1700.000000   9     0.5848211546  1.5044546985e+05
  0.200000  0.700000     0.700000       1700.000000   9     0.5826842824  1.5154824056e+05
  0.200000  0.700000     0.750000       1700.000000   9     0.5842767266  1.5111589333e+05
  0.200000  0.750000     0.700000       1700.000000   9     0.5830053614  1.5119963842e+05
  0.250000  0.650000     0.800000       1700.000000   9     0.5749393125  1.6664186688e+05
  0.250000  0.700000     0.700000       1700.000000   9     0.5734090557  1.6771024942e+05
  0.250000  0.700000     0.750000       1700.000000   9     0.5744558427  1.6726789541e+05
  0.300000  0.650000     0.800000       1700.000000   9     0.5614124484  1.8393720802e+05
  0.300000  0.700000     0.700000       1700.000000   9     0.5604440068  1.8510201354e+05
  0.300000  0.700000     0.750000       1700.000000   9     0.5609166361  1.8451943225e+05
  0.350000  0.650000     0.800000       1700.000000   9     0.5466399901  2.0016197748e+05
  0.350000  0.700000     0.700000       1700.000000   9     0.5462326123  2.0152921261e+05
  0.400000  0.600000     0.600000       1700.000000   6     0.4854635331  2.4883347369e+05
  0.400000  0.600000     0.650000       1700.000000   6     0.4854635331  2.4883347369e+05
  0.400000  0.600000     0.700000       1700.000000   6     0.4854635331  2.4883347369e+05
  0.400000  0.600000     0.750000       1700.000000   6     0.4854635331  2.4883347369e+05
  0.400000  0.600000     0.800000       1700.000000   6     0.4854635331  2.4883347369e+05
  0.400000  0.600000     0.850000       1700.000000   6     0.4854635331  2.4883347369e+05
  0.400000  0.600000     0.900000       1700.000000   6     0.4854635331  2.4883347369e+05
  0.400000  0.600000     0.950000       1700.000000   6     0.4854635331  2.4883347369e+05
  0.400000  0.600000     1.000000       1700.000000   6     0.4854635331  2.4883347369e+05
  0.400000  0.600000     1.050000       1700.000000   6     0.4854635331  2.4883347369e+05
  0.400000  0.600000     1.100000       1700.000000   6     0.4854635331  2.4883347369e+05
  0.400000  0.600000     1.150000       1700.000000   6     0.4854635331  2.4883347369e+05
  0.400000  0.600000     1.200000       1700.000000   6     0.4854635331  2.4883347369e+05
  0.400000  0.600000     1.250000       1700.000000   6     0.4854635331  2.4883347369e+05
  0.400000  0.600000     1.300000       1700.000000   6     0.4854635331  2.4883347369e+05
  0.400000  0.600000     1.350000       1700.000000   6     0.4854635331  2.4883347369e+05
  0.400000  0.600000     1.400000       1700.000000   6     0.4854635331  2.4883347369e+05
  0.400000  0.600000     1.450000       1700.000000   6     0.4854635331  2.4883347369e+05
  0.400000  0.600000     1.500000       1700.000000   6     0.4854635331  2.4883347369e+05
  0.400000  0.600000     1.550000       1700.000000   6     0.4854635331  2.4883347369e+05
  0.400000  0.700000     0.700000       1700.000000   9     0.5317948464  2.1555383063e+05
  0.450000  0.600000     0.600000       1700.000000   6     0.4702040262  2.6257541842e+05
  0.450000  0.600000     0.650000       1700.000000   6     0.4702040262  2.6257541842e+05
  0.450000  0.600000     0.700000       1700.000000   6     0.4702040262  2.6257541842e+05
  0.450000  0.600000     0.750000       1700.000000   6     0.4702040262  2.6257541842e+05
  0.450000  0.600000     0.800000       1700.000000   6     0.4702040262  2.6257541842e+05
  0.450000  0.600000     0.850000       1700.000000   6     0.4702040262  2.6257541842e+05
  0.450000  0.600000     0.900000       1700.000000   6     0.4702040262  2.6257541842e+05
  0.450000  0.600000     0.950000       1700.000000   6     0.4702040262  2.6257541842e+05
  0.450000  0.600000     1.000000       1700.000000   6     0.4702040262  2.6257541842e+05
  0.450000  0.600000     1.050000       1700.000000   6     0.4702040262  2.6257541842e+05
  0.450000  0.600000     1.100000       1700.000000   6     0.4702040262  2.6257541842e+05
  0.450000  0.600000     1.150000       1700.000000   6     0.4702040262  2.6257541842e+05
  0.450000  0.600000     1.200000       1700.000000   6     0.4702040262  2.6257541842e+05
  0.450000  0.600000     1.250000       1700.000000   6     0.4702040262  2.6257541842e+05
  0.450000  0.600000     1.300000       1700.000000   6     0.4702040262  2.6257541842e+05
  0.450000  0.600000     1.350000       1700.000000   6     0.4702040262  2.6257541842e+05
  0.450000  0.600000     1.400000       1700.000000   6     0.4702040262  2.6257541842e+05
  0.450000  0.600000     1.450000       1700.000000   6     0.4702040262  2.6257541842e+05
  0.450000  0.600000     1.500000       1700.000000   6     0.4702040262  2.6257541842e+05
  0.450000  0.600000     1.550000       1700.000000   6     0.4702040262  2.6257541842e+05
  0.450000  0.700000     0.700000       1700.000000   9     0.5175586100  2.2645217988e+05
  0.500000  0.600000     0.600000       1700.000000   6     0.4561594770  2.7135036309e+05
  0.500000  0.600000     0.650000       1700.000000   6     0.4561594770  2.7135036309e+05
  0.500000  0.600000     0.700000       1700.000000   6     0.4561594770  2.7135036309e+05
  0.500000  0.600000     0.750000       1700.000000   6     0.4561594770  2.7135036309e+05
  0.500000  0.600000     0.800000       1700.000000   6     0.4561594770  2.7135036309e+05
  0.500000  0.600000     0.850000       1700.000000   6     0.4561594770  2.7135036309e+05
  0.500000  0.600000     0.900000       1700.000000   6     0.4561594770  2.7135036309e+05
  0.500000  0.600000     0.950000       1700.000000   6     0.4561594770  2.7135036309e+05
  0.500000  0.600000     1.000000       1700.000000   6     0.4561594770  2.7135036309e+05
  0.500000  0.600000     1.050000       1700.000000   6     0.4561594770  2.7135036309e+05
  0.500000  0.600000     1.100000       1700.000000   6     0.4561594770  2.7135036309e+05
  0.500000  0.600000     1.150000       1700.000000   6     0.4561594770  2.7135036309e+05
  0.500000  0.600000     1.200000       1700.000000   6     0.4561594770  2.7135036309e+05
  0.500000  0.600000     1.250000       1700.000000   6     0.4561594770  2.7135036309e+05
  0.500000  0.600000     1.300000       1700.000000   6     0.4561594770  2.7135036309e+05
  0.500000  0.600000     1.350000       1700.000000   6     0.4561594770  2.7135036309e+05
  0.500000  0.600000     1.400000       1700.000000   6     0.4561594770  2.7135036309e+05
  0.500000  0.600000     1.450000       1700.000000   6     0.4561594770  2.7135036309e+05
  0.500000  0.600000     1.500000       1700.000000   6     0.4561594770  2.7135036309e+05
  0.500000  0.600000     1.550000       1700.000000   6     0.4561594770  2.7135036309e+05
  0.500000  0.650000     0.750000       1700.000000   9     0.5041728426  2.3343255130e+05
  0.500000  0.700000     0.700000       1700.000000   9     0.5040792955  2.3398122196e+05
  0.550000  0.600000     0.600000       1700.000000   6     0.4432456536  2.7555235122e+05
  0.550000  0.600000     0.650000       1700.000000   6     0.4432456536  2.7555235122e+05
  0.550000  0.600000     0.700000       1700.000000   6     0.4432456536  2.7555235122e+05
  0.550000  0.600000     0.750000       1700.000000   6     0.4432456536  2.7555235122e+05
  0.550000  0.600000     0.800000       1700.000000   6     0.4432456536  2.7555235122e+05
  0.550000  0.600000     0.850000       1700.000000   6     0.4432456536  2.7555235122e+05
  0.550000  0.600000     0.900000       1700.000000   6     0.4432456536  2.7555235122e+05
  0.550000  0.600000     0.950000       1700.000000   6     0.4432456536  2.7555235122e+05
  0.550000  0.600000     1.000000       1700.000000   6     0.4432456536  2.7555235122e+05
  0.550000  0.600000     1.050000       1700.000000   6     0.4432456536  2.7555235122e+05
  0.550000  0.600000     1.100000       1700.000000   6     0.4432456536  2.7555235122e+05
  0.550000  0.600000     1.150000       1700.000000   6     0.4432456536  2.7555235122e+05
  0.550000  0.600000     1.200000       1700.000000   6     0.4432456536  2.7555235122e+05
  0.550000  0.600000     1.250000       1700.000000   6     0.4432456536  2.7555235122e+05
  0.550000  0.600000     1.300000       1700.000000   6     0.4432456536  2.7555235122e+05
  0.550000  0.600000     1.350000       1700.000000   6     0.4432456536  2.7555235122e+05
  0.550000  0.600000     1.400000       1700.000000   6     0.4432456536  2.7555235122e+05
  0.550000  0.600000     1.450000       1700.000000   6     0.4432456536  2.7555235122e+05
  0.550000  0.600000     1.500000       1700.000000   6     0.4432456536  2.7555235122e+05
  0.550000  0.600000     1.550000       1700.000000   6     0.4432456536  2.7555235122e+05
  0.550000  0.650000     0.750000       1700.000000   9     0.4920769957  2.3776786217e+05
  0.550000  0.700000     0.700000       1700.000000   9     0.4918420873  2.3825104801e+05
  0.600000  0.600000     0.600000       1700.000000   6     0.4314548797  2.7593094252e+05
  0.600000  0.600000     0.650000       1700.000000   6     0.4314548797  2.7593094252e+05
  0.600000  0.600000     0.700000       1700.000000   6     0.4314548797  2.7593094252e+05
  0.600000  0.600000     0.750000       1700.000000   6     0.4314548797  2.7593094252e+05
  0.600000  0.600000     0.800000       1700.000000   6     0.4314548797  2.7593094252e+05
  0.600000  0.600000     0.850000       1700.000000   6     0.4314548797  2.7593094252e+05
  0.600000  0.600000     0.900000       1700.000000   6     0.4314548797  2.7593094252e+05
  0.600000  0.600000     0.950000       1700.000000   6     0.4314548797  2.7593094252e+05
  0.600000  0.600000     1.000000       1700.000000   6     0.4314548797  2.7593094252e+05
  0.600000  0.600000     1.050000       1700.000000   6     0.4314548797  2.7593094252e+05
  0.600000  0.600000     1.100000       1700.000000   6     0.4314548797  2.7593094252e+05
  0.600000  0.600000     1.150000       1700.000000   6     0.4314548797  2.7593094252e+05
  0.600000  0.600000     1.200000       1700.000000   6     0.4314548797  2.7593094252e+05
  0.600000  0.600000     1.250000       1700.000000   6     0.4314548797  2.7593094252e+05
  0.600000  0.600000     1.300000       1700.000000   6     0.4314548797  2.7593094252e+05
  0.600000  0.600000     1.350000       1700.000000   6     0.4314548797  2.7593094252e+05
  0.600000  0.600000     1.400000       1700.000000   6     0.4314548797  2.7593094252e+05
  0.600000  0.600000     1.450000       1700.000000   6     0.4314548797  2.7593094252e+05
  0.600000  0.600000     1.500000       1700.000000   6     0.4314548797  2.7593094252e+05
  0.600000  0.600000     1.550000       1700.000000   6     0.4314548797  2.7593094252e+05
