
  Elapsed time during computation was 4.4e-05 seconds.

  Weight file will be   "leg_o10_w.txt".
  Abscissa file will be "leg_o10_x.txt".
  Region file will be   "leg_o10_r.txt".
    0.0204937645792770    0.0523635513712826
    0.1059789839775065    0.1173788151401367
    0.2517911362607413    0.1720700267454797
    0.4450102168234242    0.2114815868101274
    0.6684725309842660    0.2321041833304219
    0.9023237958106306    0.2321041833304218
    1.1257861099714723    0.2114815868101274
    1.3190051905341553    0.1720700267454797
    1.4648173428173901    0.1173788151401367
    1.5503025622156197    0.0523635513712826
#  There are 4001 elements in file DIEL/W_Palik.txt
#  There are 4001 elements in file DIEL/sio2_cspline.txt
#  There are 4001 elements in file DIEL/tio2_cspline.txt
#  There are 4001 elements in file DIEL/w_ald_cspline.txt
#  There are 4001 elements in file DIEL/ald_al2o3_cspline.txt
  going to read from file input.txt
  0.020000  0.600000  0.600000    0.180000    0.120000    0.000000 1700.000000    5     0.5269746604  3.2731834159e+04
  0.020000  0.600000  0.600000    0.180000    0.120000    0.000000 1700.000000    6     0.5487521028  4.5601891714e+04
  0.020000  0.600000  0.600000    0.180000    0.120000    0.000000 1700.000000    7     0.5595153335  5.8832275935e+04
  0.020000  0.600000  0.600000    0.180000    0.120000    0.000000 1700.000000    8     0.4559791407  2.9186704724e+04
  0.020000  0.600000  0.600000    0.180000    0.120000    0.000000 1700.000000    9     0.5049340337  4.7610203265e+04
  0.020000  0.600000  0.600000    0.180000    0.120000    0.000000 1700.000000    10     0.5436772411  3.5583640479e+04
  0.020000  0.600000  0.600000    0.180000    0.120000    0.000000 1700.000000    11     0.5481749470  4.8025803591e+04
  0.020000  0.600000  0.600000    0.180000    0.120000    0.000000 1700.000000    12     0.5227988272  3.3451247235e+04
  0.020000  0.600000  0.600000    0.180000    0.120000    0.000000 1700.000000    13     0.5211682813  4.4527130163e+04
  0.020000  0.600000  0.600000    0.180000    0.120000    0.000000 1700.000000    14     0.5227607667  3.3339892772e+04
  0.020000  0.600000  0.600000    0.180000    0.120000    0.000000 1700.000000    15     0.5434329372  4.4624113517e+04
  0.020000  0.600000  0.600000    0.180000    0.120000    0.000000 1700.000000    16     0.5329289167  3.3742912811e+04
  0.020000  0.600000  0.600000    0.180000    0.120000    0.000000 1700.000000    17     0.5389759920  4.3069696902e+04
  0.020000  0.600000  0.600000    0.180000    0.120000    0.000000 1700.000000    18     0.5192884045  3.2960548040e+04
  0.020000  0.600000  0.600000    0.180000    0.120000    0.000000 1700.000000    19     0.5377527368  4.2699527965e+04
  0.020000  0.600000  0.600000    0.180000    0.120000    0.000000 1700.000000    20     0.5273795716  3.3667933230e+04
  0.020000  0.600000  0.600000    0.180000    0.120000    0.000000 1700.000000    21     0.5390196916  4.2634179523e+04
  0.020000  0.600000  0.600000    0.180000    0.120000    0.000000 1700.000000    22     0.5181061367  3.3176409461e+04
  0.020000  0.600000  0.600000    0.180000    0.120000    0.000000 1700.000000    23     0.5345084196  4.2169236642e+04
  0.020000  0.600000  0.600000    0.180000    0.120000    0.000000 1700.000000    24     0.5207904462  3.3338692750e+04
  0.020000  0.600000  0.650000    0.180000    0.130000    0.000000 1700.000000    5     0.5269746604  3.2731834159e+04
  0.020000  0.600000  0.650000    0.180000    0.130000    0.000000 1700.000000    6     0.5487521028  4.5601891714e+04
  0.020000  0.600000  0.650000    0.180000    0.130000    0.000000 1700.000000    7     0.5560489620  5.8188675681e+04
  0.020000  0.600000  0.650000    0.180000    0.130000    0.000000 1700.000000    8     0.4536512101  2.8741921341e+04
  0.020000  0.600000  0.650000    0.180000    0.130000    0.000000 1700.000000    9     0.5143313447  4.9556072944e+04
  0.020000  0.600000  0.650000    0.180000    0.130000    0.000000 1700.000000    10     0.5441669908  3.4744670116e+04
  0.020000  0.600000  0.650000    0.180000    0.130000    0.000000 1700.000000    11     0.5479307455  4.8210417648e+04
  0.020000  0.600000  0.650000    0.180000    0.130000    0.000000 1700.000000    12     0.5151048096  3.2486823073e+04
  0.020000  0.600000  0.650000    0.180000    0.130000    0.000000 1700.000000    13     0.5233571659  4.4742531522e+04
  0.020000  0.600000  0.650000    0.180000    0.130000    0.000000 1700.000000    14     0.5257348555  3.2902019823e+04
  0.020000  0.600000  0.650000    0.180000    0.130000    0.000000 1700.000000    15     0.5468658078  4.4741185042e+04
  0.020000  0.600000  0.650000    0.180000    0.130000    0.000000 1700.000000    16     0.5272310182  3.2681460611e+04
  0.020000  0.600000  0.650000    0.180000    0.130000    0.000000 1700.000000    17     0.5367248926  4.2642976607e+04
  0.020000  0.600000  0.650000    0.180000    0.130000    0.000000 1700.000000    18     0.5186222500  3.2350956836e+04
  0.020000  0.600000  0.650000    0.180000    0.130000    0.000000 1700.000000    19     0.5420072452  4.2694246199e+04
  0.020000  0.600000  0.650000    0.180000    0.130000    0.000000 1700.000000    20     0.5231551735  3.2788473565e+04
  0.020000  0.600000  0.650000    0.180000    0.130000    0.000000 1700.000000    21     0.5365868518  4.2021848799e+04
  0.020000  0.600000  0.650000    0.180000    0.130000    0.000000 1700.000000    22     0.5154243144  3.2370456411e+04
  0.020000  0.600000  0.650000    0.180000    0.130000    0.000000 1700.000000    23     0.5363695066  4.1811727917e+04
  0.020000  0.600000  0.650000    0.180000    0.130000    0.000000 1700.000000    24     0.5212345120  3.2672505917e+04
  0.020000  0.600000  0.700000    0.180000    0.140000    0.000000 1700.000000    5     0.5269746604  3.2731834159e+04
  0.020000  0.600000  0.700000    0.180000    0.140000    0.000000 1700.000000    6     0.5487521028  4.5601891714e+04
  0.020000  0.600000  0.700000    0.180000    0.140000    0.000000 1700.000000    7     0.5514641569  5.7271951694e+04
  0.020000  0.600000  0.700000    0.180000    0.140000    0.000000 1700.000000    8     0.4520609878  2.8387903789e+04
  0.020000  0.600000  0.700000    0.180000    0.140000    0.000000 1700.000000    9     0.5239280549  5.1381039419e+04
  0.020000  0.600000  0.700000    0.180000    0.140000    0.000000 1700.000000    10     0.5435724665  3.3887220601e+04
  0.020000  0.600000  0.700000    0.180000    0.140000    0.000000 1700.000000    11     0.5464559731  4.8331710053e+04
  0.020000  0.600000  0.700000    0.180000    0.140000    0.000000 1700.000000    12     0.5069683124  3.1483819431e+04
  0.020000  0.600000  0.700000    0.180000    0.140000    0.000000 1700.000000    13     0.5277868044  4.5023769593e+04
  0.020000  0.600000  0.700000    0.180000    0.140000    0.000000 1700.000000    14     0.5276759916  3.2433265804e+04
  0.020000  0.600000  0.700000    0.180000    0.140000    0.000000 1700.000000    15     0.5478536061  4.4566018708e+04
  0.020000  0.600000  0.700000    0.180000    0.140000    0.000000 1700.000000    16     0.5203418472  3.1643530638e+04
  0.020000  0.600000  0.700000    0.180000    0.140000    0.000000 1700.000000    17     0.5348872651  4.2265195345e+04
  0.020000  0.600000  0.700000    0.180000    0.140000    0.000000 1700.000000    18     0.5195022917  3.1851445661e+04
  0.020000  0.600000  0.700000    0.180000    0.140000    0.000000 1700.000000    19     0.5437226755  4.2436127157e+04
  0.020000  0.600000  0.700000    0.180000    0.140000    0.000000 1700.000000    20     0.5162816911  3.1778488439e+04
  0.020000  0.600000  0.700000    0.180000    0.140000    0.000000 1700.000000    21     0.5353695796  4.1450717878e+04
  0.020000  0.600000  0.700000    0.180000    0.140000    0.000000 1700.000000    22     0.5130703457  3.1599724855e+04
  0.020000  0.600000  0.700000    0.180000    0.140000    0.000000 1700.000000    23     0.5402302704  4.1534093003e+04
  0.020000  0.600000  0.700000    0.180000    0.140000    0.000000 1700.000000    24     0.5185702789  3.1844854012e+04
  0.020000  0.600000  0.750000    0.180000    0.150000    0.000000 1700.000000    5     0.5269746604  3.2731834159e+04
  0.020000  0.600000  0.750000    0.180000    0.150000    0.000000 1700.000000    6     0.5487521028  4.5601891714e+04
  0.020000  0.600000  0.750000    0.180000    0.150000    0.000000 1700.000000    7     0.5457248068  5.6126792086e+04
  0.020000  0.600000  0.750000    0.180000    0.150000    0.000000 1700.000000    8     0.4511640725  2.8122017806e+04
  0.020000  0.600000  0.750000    0.180000    0.150000    0.000000 1700.000000    9     0.5333416122  5.2989623601e+04
  0.020000  0.600000  0.750000    0.180000    0.150000    0.000000 1700.000000    10     0.5417772199  3.3036017742e+04
  0.020000  0.600000  0.750000    0.180000    0.150000    0.000000 1700.000000    11     0.5438846270  4.8390227460e+04
  0.020000  0.600000  0.750000    0.180000    0.150000    0.000000 1700.000000    12     0.4995346348  3.0520571365e+04
  0.020000  0.600000  0.750000    0.180000    0.150000    0.000000 1700.000000    13     0.5329462174  4.5302218881e+04
  0.020000  0.600000  0.750000    0.180000    0.150000    0.000000 1700.000000    14     0.5278355576  3.1865965970e+04
  0.020000  0.600000  0.750000    0.180000    0.150000    0.000000 1700.000000    15     0.5466108866  4.4134377970e+04
  0.020000  0.600000  0.750000    0.180000    0.150000    0.000000 1700.000000    16     0.5131447601  3.0704353496e+04
  0.020000  0.600000  0.750000    0.180000    0.150000    0.000000 1700.000000    17     0.5351066692  4.2003024320e+04
  0.020000  0.600000  0.750000    0.180000    0.150000    0.000000 1700.000000    18     0.5190303752  3.1296311102e+04
  0.020000  0.600000  0.750000    0.180000    0.150000    0.000000 1700.000000    19     0.5417257497  4.1855973676e+04
  0.020000  0.600000  0.750000    0.180000    0.150000    0.000000 1700.000000    20     0.5098448947  3.0836423091e+04
  0.020000  0.600000  0.750000    0.180000    0.150000    0.000000 1700.000000    21     0.5349329083  4.0897209120e+04
  0.020000  0.600000  0.750000    0.180000    0.150000    0.000000 1700.000000    22     0.5133142922  3.1006841710e+04
  0.020000  0.600000  0.750000    0.180000    0.150000    0.000000 1700.000000    23     0.5411835197  4.0990399243e+04
  0.020000  0.600000  0.750000    0.180000    0.150000    0.000000 1700.000000    24     0.5140822874  3.0935892133e+04
  0.020000  0.600000  0.800000    0.180000    0.160000    0.000000 1700.000000    5     0.5269746604  3.2731834159e+04
  0.020000  0.600000  0.800000    0.180000    0.160000    0.000000 1700.000000    6     0.5487521028  4.5601891714e+04
  0.020000  0.600000  0.800000    0.180000    0.160000    0.000000 1700.000000    7     0.5388458202  5.4801728126e+04
  0.020000  0.600000  0.800000    0.180000    0.160000    0.000000 1700.000000    8     0.4509171113  2.7940991345e+04
  0.020000  0.600000  0.800000    0.180000    0.160000    0.000000 1700.000000    9     0.5422415062  5.4295557158e+04
  0.020000  0.600000  0.800000    0.180000    0.160000    0.000000 1700.000000    10     0.5386824688  3.2208298150e+04
  0.020000  0.600000  0.800000    0.180000    0.160000    0.000000 1700.000000    11     0.5406410265  4.8399059267e+04
  0.020000  0.600000  0.800000    0.180000    0.160000    0.000000 1700.000000    12     0.4956036791  2.9778466075e+04
  0.020000  0.600000  0.800000    0.180000    0.160000    0.000000 1700.000000    13     0.5382488160  4.5563971073e+04
  0.020000  0.600000  0.800000    0.180000    0.160000    0.000000 1700.000000    14     0.5253565431  3.1144187113e+04
  0.020000  0.600000  0.800000    0.180000    0.160000    0.000000 1700.000000    15     0.5434502163  4.3510089277e+04
  0.020000  0.600000  0.800000    0.180000    0.160000    0.000000 1700.000000    16     0.5059102631  2.9836719176e+04
  0.020000  0.600000  0.800000    0.180000    0.160000    0.000000 1700.000000    17     0.5382945326  4.1906967302e+04
  0.020000  0.600000  0.800000    0.180000    0.160000    0.000000 1700.000000    18     0.5156801440  3.0603258925e+04
  0.020000  0.600000  0.800000    0.180000    0.160000    0.000000 1700.000000    19     0.5375530912  4.1077006059e+04
  0.020000  0.600000  0.800000    0.180000    0.160000    0.000000 1700.000000    20     0.5044013014  2.9993541490e+04
  0.020000  0.600000  0.800000    0.180000    0.160000    0.000000 1700.000000    21     0.5353428952  4.0363861365e+04
  0.020000  0.600000  0.800000    0.180000    0.160000    0.000000 1700.000000    22     0.5117518341  3.0339805940e+04
  0.020000  0.600000  0.800000    0.180000    0.160000    0.000000 1700.000000    23     0.5394452034  4.0220074030e+04
  0.020000  0.600000  0.800000    0.180000    0.160000    0.000000 1700.000000    24     0.5092652508  3.0050034157e+04
  0.020000  0.600000  0.850000    0.180000    0.170000    0.000000 1700.000000    5     0.5269746604  3.2731834159e+04
  0.020000  0.600000  0.850000    0.180000    0.170000    0.000000 1700.000000    6     0.5487521028  4.5601891714e+04
  0.020000  0.600000  0.850000    0.180000    0.170000    0.000000 1700.000