  0.000000  1.000000     0.950000       1700.000000   9     0.5890777283  5.8198197039e+04
  0.000000  1.050000     0.900000       1700.000000   9     0.5882742520  5.8981462571e+04
  0.000000  1.050000     0.950000       1700.000000   9     0.5893974204  5.7942161902e+04
  0.000000  1.100000     0.900000       1700.000000   9     0.5887236512  5.8714902680e+04
  0.050000  0.950000     0.950000       1700.000000   9     0.5869036790  6.0000095459e+04
  0.050000  1.000000     0.900000       1700.000000   9     0.5860466272  6.0725129119e+04
  0.050000  1.000000     0.950000       1700.000000   9     0.5875248755  5.9811744299e+04
  0.050000  1.050000     0.900000       1700.000000   9     0.5867451277  6.0525580392e+04
  0.050000  1.100000     0.850000       1700.000000   9     0.5851566634  6.0991700021e+04
  0.050000  1.100000     0.900000       1700.000000   9     0.5867665283  6.0207071421e+04
  0.100000  0.950000     0.900000       1700.000000   9     0.5828850977  6.3685131892e+04
  0.100000  0.950000     0.950000       1700.000000   9     0.5846191020  6.2939092639e+04
  0.100000  1.000000     0.850000       1700.000000   9     0.5813699931  6.4086059103e+04
  0.100000  1.000000     0.900000       1700.000000   9     0.5838387503  6.3577880906e+04
  0.100000  1.000000     0.950000       1700.000000   9     0.5846622274  6.2691695587e+04
  0.100000  1.050000     0.850000       1700.000000   9     0.5823063462  6.3966144556e+04
  0.100000  1.050000     0.900000       1700.000000   9     0.5839311031  6.3316729040e+04
  0.100000  1.100000     0.850000       1700.000000   9     0.5824076945  6.3697440954e+04
  0.150000  0.900000     0.950000       1700.000000   9     0.5794453597  6.7885576343e+04
  0.150000  0.950000     0.900000       1700.000000   9     0.5787633392  6.8453809128e+04
  0.150000  0.950000     0.950000       1700.000000   9     0.5797002078  6.7753204216e+04
  0.150000  1.000000     0.850000       1700.000000   9     0.5774031190  6.8768617034e+04
  0.150000  1.000000     0.900000       1700.000000   9     0.5790127552  6.8298198067e+04
  0.150000  1.050000     0.800000       1700.000000   9     0.5753731759  6.8798663733e+04
  0.150000  1.050000     0.850000       1700.000000   9     0.5776053247  6.8596305228e+04
  0.200000  0.900000     0.950000       1700.000000   9     0.5703569264  7.4827271078e+04
  0.200000  0.950000     0.900000       1700.000000   9     0.5697587476  7.5322421843e+04
  0.200000  1.000000     0.850000       1700.000000   9     0.5685294878  7.5567869682e+04
  0.250000  0.650000     0.600000       1700.000000   6     0.5461464027  8.4565671582e+04
  0.250000  0.650000     0.650000       1700.000000   6     0.5461464027  8.4565671582e+04
  0.250000  0.650000     0.700000       1700.000000   6     0.5461464027  8.4565671582e+04
  0.250000  0.650000     0.750000       1700.000000   6     0.5461464027  8.4565671582e+04
  0.250000  0.650000     0.800000       1700.000000   6     0.5461464027  8.4565671582e+04
  0.250000  0.650000     0.850000       1700.000000   6     0.5461464027  8.4565671582e+04
  0.250000  0.650000     0.900000       1700.000000   6     0.5461464027  8.4565671582e+04
  0.250000  0.650000     0.950000       1700.000000   6     0.5461464027  8.4565671582e+04
  0.250000  0.650000     1.000000       1700.000000   6     0.5461464027  8.4565671582e+04
  0.250000  0.650000     1.050000       1700.000000   6     0.5461464027  8.4565671582e+04
  0.250000  0.650000     1.100000       1700.000000   6     0.5461464027  8.4565671582e+04
  0.250000  0.650000     1.150000       1700.000000   6     0.5461464027  8.4565671582e+04
  0.250000  0.650000     1.200000       1700.000000   6     0.5461464027  8.4565671582e+04
  0.250000  0.650000     1.250000       1700.000000   6     0.5461464027  8.4565671582e+04
  0.250000  0.650000     1.300000       1700.000000   6     0.5461464027  8.4565671582e+04
  0.250000  0.650000     1.350000       1700.000000   6     0.5461464027  8.4565671582e+04
  0.250000  0.650000     1.400000       1700.000000   6     0.5461464027  8.4565671582e+04
  0.250000  0.650000     1.450000       1700.000000   6     0.5461464027  8.4565671582e+04
  0.250000  0.650000     1.500000       1700.000000   6     0.5461464027  8.4565671582e+04
  0.250000  0.650000     1.550000       1700.000000   6     0.5461464027  8.4565671582e+04
  0.250000  0.700000     0.600000       1700.000000   6     0.5430728650  8.5217134502e+04
  0.250000  0.700000     0.650000       1700.000000   6     0.5430728650  8.5217134502e+04
  0.250000  0.700000     0.700000       1700.000000   6     0.5430728650  8.5217134502e+04
  0.250000  0.700000     0.750000       1700.000000   6     0.5430728650  8.5217134502e+04
  0.250000  0.700000     0.800000       1700.000000   6     0.5430728650  8.5217134502e+04
  0.250000  0.700000     0.850000       1700.000000   6     0.5430728650  8.5217134502e+04
  0.250000  0.700000     0.900000       1700.000000   6     0.5430728650  8.5217134502e+04
  0.250000  0.700000     0.950000       1700.000000   6     0.5430728650  8.5217134502e+04
  0.250000  0.700000     1.000000       1700.000000   6     0.5430728650  8.5217134502e+04
  0.250000  0.700000     1.050000       1700.000000   6     0.5430728650  8.5217134502e+04
  0.250000  0.700000     1.100000       1700.000000   6     0.5430728650  8.5217134502e+04
  0.250000  0.700000     1.150000       1700.000000   6     0.5430728650  8.5217134502e+04
  0.250000  0.700000     1.200000       1700.000000   6     0.5430728650  8.5217134502e+04
  0.250000  0.700000     1.250000       1700.000000   6     0.5430728650  8.5217134502e+04
  0.250000  0.700000     1.300000       1700.000000   6     0.5430728650  8.5217134502e+04
  0.250000  0.700000     1.350000       1700.000000   6     0.5430728650  8.5217134502e+04
  0.250000  0.700000     1.400000       1700.000000   6     0.5430728650  8.5217134502e+04
  0.250000  0.700000     1.450000       1700.000000   6     0.5430728650  8.5217134502e+04
  0.250000  0.700000     1.500000       1700.000000   6     0.5430728650  8.5217134502e+04
  0.250000  0.700000     1.550000       1700.000000   6     0.5430728650  8.5217134502e+04
  0.250000  0.850000     1.000000       1700.000000   9     0.5558504404  8.2530766480e+04
  0.250000  0.900000     0.950000       1700.000000   9     0.5558172391  8.3197688051e+04
  0.250000  0.950000     0.850000       1700.000000   9     0.5539536337  8.3851611973e+04
  0.250000  0.950000     0.900000       1700.000000   9     0.5552207768  8.3640404400e+04
  0.250000  1.000000     0.850000       1700.000000   9     0.5540470435  8.3839398704e+04
  0.300000  0.600000     0.600000       1700.000000   6     0.5378614402  9.6033507205e+04
  0.300000  0.600000     0.650000       1700.000000   6     0.5378614402  9.6033507205e+04
  0.300000  0.600000     0.700000       1700.000000   6     0.5378614402  9.6033507205e+04
  0.300000  0.600000     0.750000       1700.000000   6     0.5378614402  9.6033507205e+04
  0.300000  0.600000     0.800000       1700.000000   6     0.5378614402  9.6033507205e+04
  0.300000  0.600000     0.850000       1700.000000   6     0.5378614402  9.6033507205e+04
  0.300000  0.600000     0.900000       1700.000000   6     0.5378614402  9.6033507205e+04
  0.300000  0.600000     0.950000       1700.000000   6     0.5378614402  9.6033507205e+04
  0.300000  0.600000     1.000000       1700.000000   6     0.5378614402  9.6033507205e+04
  0.300000  0.600000     1.050000       1700.000000   6     0.5378614402  9.6033507205e+04
  0.300000  0.600000     1.100000       1700.000000   6     0.5378614402  9.6033507205e+04
  0.300000  0.600000     1.150000       1700.000000   6     0.5378614402  9.6033507205e+04
  0.300000  0.600000     1.200000       1700.000000   6     0.5378614402  9.6033507205e+04
  0.300000  0.600000     1.250000       1700.000000   6     0.5378614402  9.6033507205e+04
  0.300000  0.600000     1.300000       1700.000000   6     0.5378614402  9.6033507205e+04
  0.300000  0.600000     1.350000       1700.000000   6     0.5378614402  9.6033507205e+04
  0.300000  0.600000     1.400000       1700.000000   6     0.5378614402  9.6033507205e+04
  0.300000  0.600000     1.450000       1700.000000   6     0.5378614402  9.6033507205e+04
  0.300000  0.600000     1.500000       1700.000000   6     0.5378614402  9.6033507205e+04
  0.300000  0.600000     1.550000       1700.000000   6     0.5378614402  9.6033507205e+04
  0.300000  0.650000     0.600000       1700.000000   6     0.5340042524  9.7532845540e+04
  0.300000  0.650000     0.650000       1700.000000   6     0.5340042524  9.7532845540e+04
  0.300000  0.650000     0.700000       1700.000000   6     0.5340042524  9.7532845540e+04
  0.300000  0.650000     0.750000       1700.000000   6     0.5340042524  9.7532845540e+04
  0.300000  0.650000     0.800000       1700.000000   6     0.5340042524  9.7532845540e+04
  0.300000  0.650000     0.850000       1700.000000   6     0.5340042524  9.7532845540e+04
  0.300000  0.650000     0.900000       1700.000000   6     0.5340042524  9.7532845540e+04
  0.300000  0.650000     0.950000       1700.000000   6     0.5340042524  9.7532845540e+04
  0.300000  0.650000     1.000000       1700.000000   6     0.5340042524  9.7532845540e+04
  0.300000  0.650000     1.050000       1700.000000   6     0.5340042524  9.7532845540e+04
  0.300000  0.650000     1.100000       1700.000000   6     0.5340042524  9.7532845540e+04
  0.300000  0.650000     1.150000       1700.000000   6     0.5340042524  9.7532845540e+04
  0.300000  0.650000     1.200000       1700.000000   6     0.5340042524  9.7532845540e+04
  0.300000  0.650000     1.250000       1700.000000   6     0.5340042524  9.7532845540e+04
  0.300000  0.650000     1.300000       1700.000000   6     0.5340042524  9.7532845540e+04
  0.300000  0.650000     1.350000       1700.000000   6     0.5340042524  9.7532845540e+04
  0.300000  0.650000     1.400000       1700.000000   6     0.5340042524  9.7532845540e+04
  0.300000  0.650000     1.450000       1700.000000   6     0.5340042524  9.7532845540e+04
  0.300000  0.650000     1.500000       1700.000000   6     0.5340042524  9.7532845540e+04
  0.300000  0.650000     1.550000       1700.000000   6     0.5340042524  9.7532845540e+04
  0.300000  0.700000     0.600000       1700.000000   6     0.5288187233  9.8266758739e+04
  0.300000  0.700000     0.650000       1700.000000   6     0.5288187233  9.8266758739e+04
  0.300000  0.700000     0.700000       1700.000000   6     0.5288187233  9.8266758739e+04
  0.300000  0.700000     0.750000       1700.000000   6     0.5288187233  9.8266758739e+04
  0.300000  0.700000     0.800000       1700.000000   6     0.5288187233  9.8266758739e+04
  0.300000  0.700000     0.850000       1700.000000   6     0.5288187233  9.8266758739e+04
  0.300000  0.700000     0.900000       1700.000000   6     0.5288187233  9.8266758739e+04
  0.300000  0.700000     0.950000       1700.000000   6     0.5288187233  9.8266758739e+04
  0.300000  0.700000     1.000000       1700.000000   6     0.5288187233  9.8266758739e+04
  0.300000  0.700000     1.050000       1700.000000   6     0.5288187233  9.8266758739e+04
  0.300000  0.700000     1.100000       1700.000000   6     0.5288187233  9.8266758739e+04
  0.300000  0.700000     1.150000       1700.000000   6     0.5288187233  9.8266758739e+04
  0.300000  0.700000     1.200000       1700.000000   6     0.5288187233  9.8266758739e+04
  0.300000  0.700000     1.250000       1700.000000   6     0.5288187233  9.8266758739e+04
  0.300000  0.700000     1.300000       1700.000000   6     0.5288187233  9.8266758739e+04
  0.300000  0.700000     1.350000       1700.000000   6     0.5288187233  9.8266758739e+04
  0.300000  0.700000     1.400000       1700.000000   6     0.5288187233  9.8266758739e+04
  0.300000  0.700000     1.450000       1700.000000   6     0.5288187233  9.8266758739e+04
  0.300000  0.700000     1.500000       1700.000000   6     0.5288187233  9.8266758739e+04
  0.300000  0.700000     1.550000       1700.000000   6     0.5288187233  9.8266758739e+04
  0.300000  0.800000     1.000000       1700.000000   9     0.5393795263  9.1030753299e+04
  0.300000  0.850000     0.950000       1700.000000   9     0.5392760640  9.1736631221e+04
  0.300000  0.900000     0.900000       1700.000000   9     0.5387076066  9.2211035374e+04
  0.300000  0.900000     0.950000       1700.000000   9     0.5388569517  9.1770140306e+04
  0.350000  0.600000     0.600000       1700.000000   6     0.5255753289  1.0744237062e+05
  0.350000  0.600000     0.650000       1700.000000   6     0.5255753289  1.0744237062e+05
  0.350000  0.600000     0.700000       1700.000000   6     0.5255753289  1.0744237062e+05
  0.350000  0.600000     0.750000       1700.000000   6     0.5255753289  1.0744237062e+05
  0.350000  0.600000     0.800000       1700.000000   6     0.5255753289  1.0744237062e+05
  0.350000  0.600000     0.850000       1700.000000   6     0.5255753289  1.0744237062e+05
  0.350000  0.600000     0.900000       1700.000000   6     0.5255753289  1.0744237062e+05
  0.350000  0.600000     0.950000       1700.000000   6     0.5255753289  1.0744237062e+05
  0.350000  0.600000     1.000000       1700.000000   6     0.5255753289  1.0744237062e+05
  0.350000  0.600000     1.050000       1700.000000   6     0.5255753289  1.0744237062e+05
  0.350000  0.600000     1.100000       1700.000000   6     0.5255753289  1.0744237062e+05
  0.350000  0.600000     1.150000       1700.000000   6     0.5255753289  1.0744237062e+05
  0.350000  0.600000     1.200000       1700.000000   6     0.5255753289  1.0744237062e+05
  0.350000  0.600000     1.250000       1700.000000   6     0.5255753289  1.0744237062e+05
  0.350000  0.600000     1.300000       1700.000000   6     0.5255753289  1.0744237062e+05
  0.350000  0.600000     1.350000       1700.000000   6     0.5255753289  1.0744237062e+05
  0.350000  0.600000     1.400000       1700.000000   6     0.5255753289  1.0744237062e+05
  0.350000  0.600000     1.450000       1700.000000   6     0.5255753289  1.0744237062e+05
  0.350000  0.600000     1.500000       1700.000000   6     0.5255753289  1.0744237062e+05
  0.350000  0.600000     1.550000       1700.000000   6     0.5255753289  1.0744237062e+05
  0.350000  0.650000     0.600000       1700.000000   6     0.5199187310  1.0899778529e+05
  0.350000  0.650000     0.650000       1700.000000   6     0.5199187310  1.0899778529e+05
  0.350000  0.650000     0.700000       1700.000000   6     0.5199187310  1.0899778529e+05
  0.350000  0.650000     0.750000       1700.000000   6     0.5199187310  1.0899778529e+05
  0.350000  0.650000     0.800000       1700.000000   6     0.5199187310  1.0899778529e+05
  0.350000  0.650000     0.850000       1700.000000   6     0.5199187310  1.0899778529e+05
  0.350000  0.650000     0.900000       1700.000000   6     0.5199187310  1.0899778529e+05
  0.350000  0.650000     0.950000       1700.000000   6     0.5199187310  1.0899778529e+05
  0.350000  0.650000     1.000000       1700.000000   6     0.5199187310  1.0899778529e+05
  0.350000  0.650000     1.050000       1700.000000   6     0.5199187310  1.0899778529e+05
  0.350000  0.650000     1.100000       1700.000000   6     0.5199187310  1.0899778529e+05
  0.350000  0.650000     1.150000       1700.000000   6     0.5199187310  1.0899778529e+05
  0.350000  0.650000     1.200000       1700.000000   6     0.5199187310  1.0899778529e+05
  0.350000  0.650000     1.250000       1700.000000   6     0.5199187310  1.0899778529e+05
  0.350000  0.650000     1.300000       1700.000000   6     0.5199187310  1.0899778529e+05
  0.350000  0.650000     1.350000       1700.000000   6     0.5199187310  1.0899778529e+05
  0.350000  0.650000     1.400000       1700.000000   6     0.5199187310  1.0899778529e+05
  0.350000  0.650000     1.450000       1700.000000   6     0.5199187310  1.0899778529e+05
  0.350000  0.650000     1.500000       1700.000000   6     0.5199187310  1.0899778529e+05
  0.350000  0.650000     1.550000       1700.000000   6     0.5199187310  1.0899778529e+05
  0.350000  0.700000     0.600000       1700.000000   6     0.5130484337  1.0970032976e+05
  0.350000  0.700000     0.650000       1700.000000   6     0.5130484337  1.0970032976e+05
  0.350000  0.700000     0.700000       1700.000000   6     0.5130484337  1.0970032976e+05
  0.350000  0.700000     0.750000       1700.000000   6     0.5130484337  1.0970032976e+05
  0.350000  0.700000     0.800000       1700.000000   6     0.5130484337  1.0970032976e+05
  0.350000  0.700000     0.850000       1700.000000   6     0.5130484337  1.0970032976e+05
  0.350000  0.700000     0.900000       1700.000000   6     0.5130484337  1.0970032976e+05
  0.350000  0.700000     0.950000       1700.000000   6     0.5130484337  1.0970032976e+05
  0.350000  0.700000     1.000000       1700.000000   6     0.5130484337  1.0970032976e+05
  0.350000  0.700000     1.050000       1700.000000   6     0.5130484337  1.0970032976e+05
  0.350000  0.700000     1.100000       1700.000000   6     0.5130484337  1.0970032976e+05
  0.350000  0.700000     1.150000       1700.000000   6     0.5130484337  1.0970032976e+05
  0.350000  0.700000     1.200000       1700.000000   6     0.5130484337  1.0970032976e+05
  0.350000  0.700000     1.250000       1700.000000   6     0.5130484337  1.0970032976e+05
  0.350000  0.700000     1.300000       1700.000000   6     0.5130484337  1.0970032976e+05
  0.350000  0.700000     1.350000       1700.000000   6     0.5130484337  1.0970032976e+05
  0.350000  0.700000     1.400000       1700.000000   6     0.5130484337  1.0970032976e+05
  0.350000  0.700000     1.450000       1700.000000   6     0.5130484337  1.0970032976e+05
  0.350000  0.700000     1.500000       1700.000000   6     0.5130484337  1.0970032976e+05
  0.350000  0.700000     1.550000       1700.000000   6     0.5130484337  1.0970032976e+05
  0.400000  0.600000     0.600000       1700.000000   6     0.5122368037  1.1662390695e+05
  0.400000  0.600000     0.650000       1700.000000   6     0.5122368037  1.1662390695e+05
  0.400000  0.600000     0.700000       1700.000000   6     0.5122368037  1.1662390695e+05
  0.400000  0.600000     0.750000       1700.000000   6     0.5122368037  1.1662390695e+05
  0.400000  0.600000     0.800000       1700.000000   6     0.5122368037  1.1662390695e+05
  0.400000  0.600000     0.850000       1700.000000   6     0.5122368037  1.1662390695e+05
  0.400000  0.600000     0.900000       1700.000000   6     0.5122368037  1.1662390695e+05
  0.400000  0.600000     0.950000       1700.000000   6     0.5122368037  1.1662390695e+05
  0.400000  0.600000     1.000000       1700.000000   6     0.5122368037  1.1662390695e+05
  0.400000  0.600000     1.050000       1700.000000   6     0.5122368037  1.1662390695e+05
  0.400000  0.600000     1.100000       1700.000000   6     0.5122368037  1.1662390695e+05
  0.400000  0.600000     1.150000       1700.000000   6     0.5122368037  1.1662390695e+05
  0.400000  0.600000     1.200000       1700.000000   6     0.5122368037  1.1662390695e+05
  0.400000  0.600000     1.250000       1700.000000   6     0.5122368037  1.1662390695e+05
  0.400000  0.600000     1.300000       1700.000000   6     0.5122368037  1.1662390695e+05
  0.400000  0.600000     1.350000       1700.000000   6     0.5122368037  1.1662390695e+05
  0.400000  0.600000     1.400000       1700.000000   6     0.5122368037  1.1662390695e+05
  0.400000  0.600000     1.450000       1700.000000   6     0.5122368037  1.1662390695e+05
  0.400000  0.600000     1.500000       1700.000000   6     0.5122368037  1.1662390695e+05
  0.400000  0.600000     1.550000       1700.000000   6     0.5122368037  1.1662390695e+05
  0.400000  0.650000     0.600000       1700.000000   6     0.5052334363  1.1811173171e+05
  0.400000  0.650000     0.650000       1700.000000   6     0.5052334363  1.1811173171e+05
  0.400000  0.650000     0.700000       1700.000000   6     0.5052334363  1.1811173171e+05
  0.400000  0.650000     0.750000       1700.000000   6     0.5052334363  1.1811173171e+05
  0.400000  0.650000     0.800000       1700.000000   6     0.5052334363  1.1811173171e+05
  0.400000  0.650000     0.850000       1700.000000   6     0.5052334363  1.1811173171e+05
  0.400000  0.650000     0.900000       1700.000000   6     0.5052334363  1.1811173171e+05
  0.400000  0.650000     0.950000       1700.000000   6     0.5052334363  1.1811173171e+05
  0.400000  0.650000     1.000000       1700.000000   6     0.5052334363  1.1811173171e+05
  0.400000  0.650000     1.050000       1700.000000   6     0.5052334363  1.1811173171e+05
  0.400000  0.650000     1.100000       1700.000000   6     0.5052334363  1.1811173171e+05
  0.400000  0.650000     1.150000       1700.000000   6     0.5052334363  1.1811173171e+05
  0.400000  0.650000     1.200000       1700.000000   6     0.5052334363  1.1811173171e+05
  0.400000  0.650000     1.250000       1700.000000   6     0.5052334363  1.1811173171e+05
  0.400000  0.650000     1.300000       1700.000000   6     0.5052334363  1.1811173171e+05
  0.400000  0.650000     1.350000       1700.000000   6     0.5052334363  1.1811173171e+05
  0.400000  0.650000     1.400000       1700.000000   6     0.5052334363  1.1811173171e+05
  0.400000  0.650000     1.450000       1700.000000   6     0.5052334363  1.1811173171e+05
  0.400000  0.650000     1.500000       1700.000000   6     0.5052334363  1.1811173171e+05
  0.400000  0.650000     1.550000       1700.000000   6     0.5052334363  1.1811173171e+05
  0.450000  0.600000     0.600000       1700.000000   6     0.4985314097  1.2334243519e+05
  0.450000  0.600000     0.650000       1700.000000   6     0.4985314097  1.2334243519e+05
  0.450000  0.600000     0.700000       1700.000000   6     0.4985314097  1.2334243519e+05
  0.450000  0.600000     0.750000       1700.000000   6     0.4985314097  1.2334243519e+05
  0.450000  0.600000     0.800000       1700.000000   6     0.4985314097  1.2334243519e+05
  0.450000  0.600000     0.850000       1700.000000   6     0.4985314097  1.2334243519e+05
  0.450000  0.600000     0.900000       1700.000000   6     0.4985314097  1.2334243519e+05
  0.450000  0.600000     0.950000       1700.000000   6     0.4985314097  1.2334243519e+05
  0.450000  0.600000     1.000000       1700.000000   6     0.4985314097  1.2334243519e+05
  0.450000  0.600000     1.050000       1700.000000   6     0.4985314097  1.2334243519e+05
  0.450000  0.600000     1.100000       1700.000000   6     0.4985314097  1.2334243519e+05
  0.450000  0.600000     1.150000       1700.000000   6     0.4985314097  1.2334243519e+05
  0.450000  0.600000     1.200000       1700.000000   6     0.4985314097  1.2334243519e+05
  0.450000  0.600000     1.250000       1700.000000   6     0.4985314097  1.2334243519e+05
  0.450000  0.600000     1.300000       1700.000000   6     0.4985314097  1.2334243519e+05
  0.450000  0.600000     1.350000       1700.000000   6     0.4985314097  1.2334243519e+05
  0.450000  0.600000     1.400000       1700.000000   6     0.4985314097  1.2334243519e+05
  0.450000  0.600000     1.450000       1700.000000   6     0.4985314097  1.2334243519e+05
  0.450000  0.600000     1.500000       1700.000000   6     0.4985314097  1.2334243519e+05
  0.450000  0.600000     1.550000       1700.000000   6     0.4985314097  1.2334243519e+05
  0.450000  0.650000     0.600000       1700.000000   6     0.4906319441  1.2468521432e+05
  0.450000  0.650000     0.650000       1700.000000   6     0.4906319441  1.2468521432e+05
  0.450000  0.650000     0.700000       1700.000000   6     0.4906319441  1.2468521432e+05
  0.450000  0.650000     0.750000       1700.000000   6     0.4906319441  1.2468521432e+05
  0.450000  0.650000     0.800000       1700.000000   6     0.4906319441  1.2468521432e+05
  0.450000  0.650000     0.850000       1700.000000   6     0.4906319441  1.2468521432e+05
  0.450000  0.650000     0.900000       1700.000000   6     0.4906319441  1.2468521432e+05
  0.450000  0.650000     0.950000       1700.000000   6     0.4906319441  1.2468521432e+05
  0.450000  0.650000     1.000000       1700.000000   6     0.4906319441  1.2468521432e+05
  0.450000  0.650000     1.050000       1700.000000   6     0.4906319441  1.2468521432e+05
  0.450000  0.650000     1.100000       1700.000000   6     0.4906319441  1.2468521432e+05
  0.450000  0.650000     1.150000       1700.000000   6     0.4906319441  1.2468521432e+05
  0.450000  0.650000     1.200000       1700.000000   6     0.4906319441  1.2468521432e+05
  0.450000  0.650000     1.250000       1700.000000   6     0.4906319441  1.2468521432e+05
  0.450000  0.650000     1.300000       1700.000000   6     0.4906319441  1.2468521432e+05
  0.450000  0.650000     1.350000       1700.000000   6     0.4906319441  1.2468521432e+05
  0.450000  0.650000     1.400000       1700.000000   6     0.4906319441  1.2468521432e+05
  0.450000  0.650000     1.450000       1700.000000   6     0.4906319441  1.2468521432e+05
  0.450000  0.650000     1.500000       1700.000000   6     0.4906319441  1.2468521432e+05
  0.450000  0.650000     1.550000       1700.000000   6     0.4906319441  1.2468521432e+05
  0.500000  0.600000     0.600000       1700.000000   6     0.4849274826  1.2772784811e+05
  0.500000  0.600000     0.650000       1700.000000   6     0.4849274826  1.2772784811e+05
  0.500000  0.600000     0.700000       1700.000000   6     0.4849274826  1.2772784811e+05
  0.500000  0.600000     0.750000       1700.000000   6     0.4849274826  1.2772784811e+05
  0.500000  0.600000     0.800000       1700.000000   6     0.4849274826  1.2772784811e+05
  0.500000  0.600000     0.850000       1700.000000   6     0.4849274826  1.2772784811e+05
  0.500000  0.600000     0.900000       1700.000000   6     0.4849274826  1.2772784811e+05
  0.500000  0.600000     0.950000       1700.000000   6     0.4849274826  1.2772784811e+05
  0.500000  0.600000     1.000000       1700.000000   6     0.4849274826  1.2772784811e+05
  0.500000  0.600000     1.050000       1700.000000   6     0.4849274826  1.2772784811e+05
  0.500000  0.600000     1.100000       1700.000000   6     0.4849274826  1.2772784811e+05
  0.500000  0.600000     1.150000       1700.000000   6     0.4849274826  1.2772784811e+05
  0.500000  0.600000     1.200000       1700.000000   6     0.4849274826  1.2772784811e+05
  0.500000  0.600000     1.250000       1700.000000   6     0.4849274826  1.2772784811e+05
  0.500000  0.600000     1.300000       1700.000000   6     0.4849274826  1.2772784811e+05
  0.500000  0.600000     1.350000       1700.000000   6     0.4849274826  1.2772784811e+05
  0.500000  0.600000     1.400000       1700.000000   6     0.4849274826  1.2772784811e+05
  0.500000  0.600000     1.450000       1700.000000   6     0.4849274826  1.2772784811e+05
  0.500000  0.600000     1.500000       1700.000000   6     0.4849274826  1.2772784811e+05
  0.500000  0.600000     1.550000       1700.000000   6     0.4849274826  1.2772784811e+05
  0.500000  0.650000     0.600000       1700.000000   6     0.4765091236  1.2888317804e+05
  0.500000  0.650000     0.650000       1700.000000   6     0.4765091236  1.2888317804e+05
  0.500000  0.650000     0.700000       1700.000000   6     0.4765091236  1.2888317804e+05
  0.500000  0.650000     0.750000       1700.000000   6     0.4765091236  1.2888317804e+05
  0.500000  0.650000     0.800000       1700.000000   6     0.4765091236  1.2888317804e+05
  0.500000  0.650000     0.850000       1700.000000   6     0.4765091236  1.2888317804e+05
  0.500000  0.650000     0.900000       1700.000000   6     0.4765091236  1.2888317804e+05
  0.500000  0.650000     0.950000       1700.000000   6     0.4765091236  1.2888317804e+05
  0.500000  0.650000     1.000000       1700.000000   6     0.4765091236  1.2888317804e+05
  0.500000  0.650000     1.050000       1700.000000   6     0.4765091236  1.2888317804e+05
  0.500000  0.650000     1.100000       1700.000000   6     0.4765091236  1.2888317804e+05
  0.500000  0.650000     1.150000       1700.000000   6     0.4765091236  1.2888317804e+05
  0.500000  0.650000     1.200000       1700.000000   6     0.4765091236  1.2888317804e+05
  0.500000  0.650000     1.250000       1700.000000   6     0.4765091236  1.2888317804e+05
  0.500000  0.650000     1.300000       1700.000000   6     0.4765091236  1.2888317804e+05
  0.500000  0.650000     1.350000       1700.000000   6     0.4765091236  1.2888317804e+05
  0.500000  0.650000     1.400000       1700.000000   6     0.4765091236  1.2888317804e+05
  0.500000  0.650000     1.450000       1700.000000   6     0.4765091236  1.2888317804e+05
  0.500000  0.650000     1.500000       1700.000000   6     0.4765091236  1.2888317804e+05
  0.500000  0.650000     1.550000       1700.000000   6     0.4765091236  1.2888317804e+05
  0.550000  0.600000     0.600000       1700.000000   6     0.4718437871  1.3008677424e+05
  0.550000  0.600000     0.650000       1700.000000   6     0.4718437871  1.3008677424e+05
  0.550000  0.600000     0.700000       1700.000000   6     0.4718437871  1.3008677424e+05
  0.550000  0.600000     0.750000       1700.000000   6     0.4718437871  1.3008677424e+05
  0.550000  0.600000     0.800000       1700.000000   6     0.4718437871  1.3008677424e+05
  0.550000  0.600000     0.850000       1700.000000   6     0.4718437871  1.3008677424e+05
  0.550000  0.600000     0.900000       1700.000000   6     0.4718437871  1.3008677424e+05
  0.550000  0.600000     0.950000       1700.000000   6     0.4718437871  1.3008677424e+05
  0.550000  0.600000     1.000000       1700.000000   6     0.4718437871  1.3008677424e+05
  0.550000  0.600000     1.050000       1700.000000   6     0.4718437871  1.3008677424e+05
  0.550000  0.600000     1.100000       1700.000000   6     0.4718437871  1.3008677424e+05
  0.550000  0.600000     1.150000       1700.000000   6     0.4718437871  1.3008677424e+05
  0.550000  0.600000     1.200000       1700.000000   6     0.4718437871  1.3008677424e+05
  0.550000  0.600000     1.250000       1700.000000   6     0.4718437871  1.3008677424e+05
  0.550000  0.600000     1.300000       1700.000000   6     0.4718437871  1.3008677424e+05
  0.550000  0.600000     1.350000       1700.000000   6     0.4718437871  1.3008677424e+05
  0.550000  0.600000     1.400000       1700.000000   6     0.4718437871  1.3008677424e+05
  0.550000  0.600000     1.450000       1700.000000   6     0.4718437871  1.3008677424e+05
  0.550000  0.600000     1.500000       1700.000000   6     0.4718437871  1.3008677424e+05
  0.550000  0.600000     1.550000       1700.000000   6     0.4718437871  1.3008677424e+05
  0.550000  0.650000     0.600000       1700.000000   6     0.4631917293  1.3103503459e+05
  0.550000  0.650000     0.650000       1700.000000   6     0.4631917293  1.3103503459e+05
  0.550000  0.650000     0.700000       1700.000000   6     0.4631917293  1.3103503459e+05
  0.550000  0.650000     0.750000       1700.000000   6     0.4631917293  1.3103503459e+05
  0.550000  0.650000     0.800000       1700.000000   6     0.4631917293  1.3103503459e+05
  0.550000  0.650000     0.850000       1700.000000   6     0.4631917293  1.3103503459e+05
  0.550000  0.650000     0.900000       1700.000000   6     0.4631917293  1.3103503459e+05
  0.550000  0.650000     0.950000       1700.000000   6     0.4631917293  1.3103503459e+05
  0.550000  0.650000     1.000000       1700.000000   6     0.4631917293  1.3103503459e+05
  0.550000  0.650000     1.050000       1700.000000   6     0.4631917293  1.3103503459e+05
  0.550000  0.650000     1.100000       1700.000000   6     0.4631917293  1.3103503459e+05
  0.550000  0.650000     1.150000       1700.000000   6     0.4631917293  1.3103503459e+05
  0.550000  0.650000     1.200000       1700.000000   6     0.4631917293  1.3103503459e+05
  0.550000  0.650000     1.250000       1700.000000   6     0.4631917293  1.3103503459e+05
  0.550000  0.650000     1.300000       1700.000000   6     0.4631917293  1.3103503459e+05
  0.550000  0.650000     1.350000       1700.000000   6     0.4631917293  1.3103503459e+05
  0.550000  0.650000     1.400000       1700.000000   6     0.4631917293  1.3103503459e+05
  0.550000  0.650000     1.450000       1700.000000   6     0.4631917293  1.3103503459e+05
  0.550000  0.650000     1.500000       1700.000000   6     0.4631917293  1.3103503459e+05
  0.550000  0.650000     1.550000       1700.000000   6     0.4631917293  1.3103503459e+05
  0.550000  0.700000     0.600000       1700.000000   6     0.4542324970  1.3121874440e+05
  0.550000  0.700000     0.650000       1700.000000   6     0.4542324970  1.3121874440e+05
  0.550000  0.700000     0.700000       1700.000000   6     0.4542324970  1.3121874440e+05
  0.550000  0.700000     0.750000       1700.000000   6     0.4542324970  1.3121874440e+05
  0.550000  0.700000     0.800000       1700.000000   6     0.4542324970  1.3121874440e+05
  0.550000  0.700000     0.850000       1700.000000   6     0.4542324970  1.3121874440e+05
  0.550000  0.700000     0.900000       1700.000000   6     0.4542324970  1.3121874440e+05
  0.550000  0.700000     0.950000       1700.000000   6     0.4542324970  1.3121874440e+05
  0.550000  0.700000     1.000000       1700.000000   6     0.4542324970  1.3121874440e+05
  0.550000  0.700000     1.050000       1700.000000   6     0.4542324970  1.3121874440e+05
  0.550000  0.700000     1.100000       1700.000000   6     0.4542324970  1.3121874440e+05
  0.550000  0.700000     1.150000       1700.000000   6     0.4542324970  1.3121874440e+05
  0.550000  0.700000     1.200000       1700.000000   6     0.4542324970  1.3121874440e+05
  0.550000  0.700000     1.250000       1700.000000   6     0.4542324970  1.3121874440e+05
  0.550000  0.700000     1.300000       1700.000000   6     0.4542324970  1.3121874440e+05
  0.550000  0.700000     1.350000       1700.000000   6     0.4542324970  1.3121874440e+05
  0.550000  0.700000     1.400000       1700.000000   6     0.4542324970  1.3121874440e+05
  0.550000  0.700000     1.450000       1700.000000   6     0.4542324970  1.3121874440e+05
  0.550000  0.700000     1.500000       1700.000000   6     0.4542324970  1.3121874440e+05
  0.550000  0.700000     1.550000       1700.000000   6     0.4542324970  1.3121874440e+05
  0.600000  0.650000     0.600000       1700.000000   6     0.4509156953  1.3154372489e+05
  0.600000  0.650000     0.650000       1700.000000   6     0.4509156953  1.3154372489e+05
  0.600000  0.650000     0.700000       1700.000000   6     0.4509156953  1.3154372489e+05
  0.600000  0.650000     0.750000       1700.000000   6     0.4509156953  1.3154372489e+05
  0.600000  0.650000     0.800000       1700.000000   6     0.4509156953  1.3154372489e+05
  0.600000  0.650000     0.850000       1700.000000   6     0.4509156953  1.3154372489e+05
  0.600000  0.650000     0.900000       1700.000000   6     0.4509156953  1.3154372489e+05
  0.600000  0.650000     0.950000       1700.000000   6     0.4509156953  1.3154372489e+05
  0.600000  0.650000     1.000000       1700.000000   6     0.4509156953  1.3154372489e+05
  0.600000  0.650000     1.050000       1700.000000   6     0.4509156953  1.3154372489e+05
  0.600000  0.650000     1.100000       1700.000000   6     0.4509156953  1.3154372489e+05
  0.600000  0.650000     1.150000       1700.000000   6     0.4509156953  1.3154372489e+05
  0.600000  0.650000     1.200000       1700.000000   6     0.4509156953  1.3154372489e+05
  0.600000  0.650000     1.250000       1700.000000   6     0.4509156953  1.3154372489e+05
  0.600000  0.650000     1.300000       1700.000000   6     0.4509156953  1.3154372489e+05
  0.600000  0.650000     1.350000       1700.000000   6     0.4509156953  1.3154372489e+05
  0.600000  0.650000     1.400000       1700.000000   6     0.4509156953  1.3154372489e+05
  0.600000  0.650000     1.450000       1700.000000   6     0.4509156953  1.3154372489e+05
  0.600000  0.650000     1.500000       1700.000000   6     0.4509156953  1.3154372489e+05
  0.600000  0.650000     1.550000       1700.000000   6     0.4509156953  1.3154372489e+05
  0.600000  0.700000     0.600000       1700.000000   6     0.4421061006  1.3159375548e+05
  0.600000  0.700000     0.650000       1700.000000   6     0.4421061006  1.3159375548e+05
  0.600000  0.700000     0.700000       1700.000000   6     0.4421061006  1.3159375548e+05
  0.600000  0.700000     0.750000       1700.000000   6     0.4421061006  1.3159375548e+05
  0.600000  0.700000     0.800000       1700.000000   6     0.4421061006  1.3159375548e+05
  0.600000  0.700000     0.850000       1700.000000   6     0.4421061006  1.3159375548e+05
  0.600000  0.700000     0.900000       1700.000000   6     0.4421061006  1.3159375548e+05
  0.600000  0.700000     0.950000       1700.000000   6     0.4421061006  1.3159375548e+05
  0.600000  0.700000     1.000000       1700.000000   6     0.4421061006  1.3159375548e+05
  0.600000  0.700000     1.050000       1700.000000   6     0.4421061006  1.3159375548e+05
  0.600000  0.700000     1.100000       1700.000000   6     0.4421061006  1.3159375548e+05
  0.600000  0.700000     1.150000       1700.000000   6     0.4421061006  1.3159375548e+05
  0.600000  0.700000     1.200000       1700.000000   6     0.4421061006  1.3159375548e+05
  0.600000  0.700000     1.250000       1700.000000   6     0.4421061006  1.3159375548e+05
  0.600000  0.700000     1.300000       1700.000000   6     0.4421061006  1.3159375548e+05
  0.600000  0.700000     1.350000       1700.000000   6     0.4421061006  1.3159375548e+05
  0.600000  0.700000     1.400000       1700.000000   6     0.4421061006  1.3159375548e+05
  0.600000  0.700000     1.450000       1700.000000   6     0.4421061006  1.3159375548e+05
  0.600000  0.700000     1.500000       1700.000000   6     0.4421061006  1.3159375548e+05
  0.600000  0.700000     1.550000       1700.000000   6     0.4421061006  1.3159375548e+05
