  0.000000  0.036000        1273.000000   9     0.5309893343  1.9555367366e+04
  0.000000  0.038000        1273.000000   9     0.5311326371  1.9553402771e+04
  0.020000  0.038000        1273.000000   9     0.5308631853  1.9936907293e+04
  0.040000  0.038000        1273.000000   9     0.5303215684  2.0430985436e+04
  0.060000  0.038000        1273.000000   9     0.5293577670  2.1063122314e+04
  0.080000  0.038000        1273.000000   9     0.5277512136  2.1864240251e+04
  0.100000  0.030000        1273.000000   9     0.5252483178  2.2188916785e+04
  0.100000  0.032000        1273.000000   9     0.5252473958  2.2362292425e+04
  0.100000  0.034000        1273.000000   9     0.5252395279  2.2533053453e+04
  0.100000  0.036000        1273.000000   9     0.5252227896  2.2701099679e+04
  0.100000  0.038000        1273.000000   9     0.5251952910  2.2866334128e+04
  0.120000  0.028000        1273.000000   9     0.5219529909  2.2941856728e+04
  0.120000  0.030000        1273.000000   9     0.5218271830  2.3180183402e+04
  0.120000  0.032000        1273.000000   9     0.5217020298  2.3415125574e+04
  0.120000  0.034000        1273.000000   9     0.5215743721  2.3646520826e+04
  0.120000  0.036000        1273.000000   9     0.5214411544  2.3874211664e+04
  0.120000  0.038000        1273.000000   9     0.5212994191  2.4098045448e+04
  0.140000  0.030000        1273.000000   9     0.5168199016  2.4382252755e+04
  0.140000  0.032000        1273.000000   9     0.5165217790  2.4689066984e+04
  0.140000  0.034000        1273.000000   9     0.5162272803  2.4990798774e+04
  0.140000  0.036000        1273.000000   9     0.5159317337  2.5287216045e+04
  0.140000  0.038000        1273.000000   9     0.5156306939  2.5578094615e+04
  0.160000  0.030000        1273.000000   9     0.5098513847  2.5804111261e+04
  0.160000  0.032000        1273.000000   9     0.5093314821  2.6191537362e+04
  0.160000  0.034000        1273.000000   9     0.5088233109  2.6571470172e+04
  0.160000  0.036000        1273.000000   9     0.5083200074  2.6943590247e+04
  0.160000  0.038000        1273.000000   9     0.5078151626  2.7307591451e+04
  0.180000  0.030000        1273.000000   9     0.5007152102  2.7437630551e+04
  0.180000  0.032000        1273.000000   9     0.4999363147  2.7911146684e+04
  0.180000  0.034000        1273.000000   9     0.4991790008  2.8373587228e+04
  0.180000  0.036000        1273.000000   9     0.4984336294  2.8824546876e+04
  0.180000  0.038000        1273.000000   9     0.4976913774  2.9263642623e+04
  0.200000  0.032000        1273.000000   9     0.4884674420  2.9815033067e+04
  0.200000  0.034000        1273.000000   9     0.4874471450  3.0359159070e+04
  0.200000  0.036000        1273.000000   9     0.4864460394  3.0886736282e+04
  0.200000  0.038000        1273.000000   9     0.4854526040  3.1397338973e+04
  0.220000  0.032000        1273.000000   9     0.4754274311  3.1850976114e+04
  0.220000  0.034000        1273.000000   9     0.4741548651  3.2469910758e+04
  0.220000  0.036000        1273.000000   9     0.4729073122  3.3065731428e+04
  0.220000  0.038000        1273.000000   9     0.4716705863  3.3638046592e+04
  0.240000  0.032000        1273.000000   9     0.4615638272  3.3954027947e+04
  0.240000  0.034000        1273.000000   9     0.4600670230  3.4634895794e+04
  0.240000  0.036000        1273.000000   9     0.4585980760  3.5284684822e+04
  0.240000  0.038000        1273.000000   9     0.4571405640  3.5903165829e+04
  0.260000  0.032000        1273.000000   9     0.4476286881  3.6055418334e+04
  0.260000  0.034000        1273.000000   9     0.4459400633  3.6780380876e+04
  0.260000  0.036000        1273.000000   9     0.4442784607  3.7465209210e+04
  0.260000  0.038000        1273.000000   9     0.4426259889  3.8110013951e+04
  0.280000  0.034000        1273.000000   9     0.4323236329  3.8838827395e+04
  0.280000  0.036000        1273.000000   9     0.4304923503  3.9536982842e+04
  0.280000  0.038000        1273.000000   9     0.4286656347  4.0186003206e+04
  0.300000  0.034000        1273.000000   9     0.4195043304  4.0754863612e+04
  0.300000  0.036000        1273.000000   9     0.4175176082  4.1443856375e+04
  0.300000  0.038000        1273.000000   9     0.4155299812  4.2074795017e+04
  0.320000  0.034000        1273.000000   9     0.4075613622  4.2487781087e+04
  0.320000  0.036000        1273.000000   9     0.4054268657  4.3146084565e+04
  0.320000  0.038000        1273.000000   9     0.4032865899  4.3738174534e+04
  0.340000  0.034000        1273.000000   9     0.3964560937  4.4011265716e+04
  0.340000  0.036000        1273.000000   9     0.3941789133  4.4619579930e+04
  0.340000  0.038000        1273.000000   9     0.3918929009  4.5154754981e+04
  0.360000  0.034000        1273.000000   9     0.3861052655  4.5311487296e+04
  0.360000  0.036000        1273.000000   9     0.3836913734  4.5853487992e+04
  0.360000  0.038000        1273.000000   9     0.3812681573  4.6316998292e+04
  0.380000  0.034000        1273.000000   9     0.3764252696  4.6384550140e+04
  0.380000  0.036000        1273.000000   9     0.3738835241  4.6847198757e+04
  0.380000  0.038000        1273.000000   9     0.3713347671  4.7227777349e+04
