  0.320000  0.028000        1700.000000   9     0.5887775427  1.5538872682e+05
  0.320000  0.030000        1700.000000   9     0.5887337803  1.5684338709e+05
  0.340000  0.026000        1700.000000   9     0.5887371990  1.5678555037e+05
  0.340000  0.028000        1700.000000   9     0.5887164245  1.5844942850e+05
  0.340000  0.030000        1700.000000   9     0.5885963986  1.5998498302e+05
  0.360000  0.026000        1700.000000   9     0.5886555518  1.5989814687e+05
  0.360000  0.028000        1700.000000   9     0.5885551864  1.6165221536e+05
  0.360000  0.030000        1700.000000   9     0.5883377602  1.6325848015e+05
  0.380000  0.026000        1700.000000   9     0.5884722035  1.6316204242e+05
  0.380000  0.028000        1700.000000   9     0.5882701422  1.6499578316e+05
  0.380000  0.030000        1700.000000   9     0.5879307961  1.6665984805e+05
  0.380000  0.032000        1700.000000   9     0.5874449297  1.6815705136e+05
  0.380000  0.034000        1700.000000   9     0.5868042000  1.6949045252e+05
  0.380000  0.036000        1700.000000   9     0.5860011612  1.7066333258e+05
  0.380000  0.038000        1700.000000   9     0.5850292823  1.7167917912e+05
