  0.200000  0.022000        1700.000000   9     0.5938181699  1.3761704967e+05
  0.200000  0.024000        1700.000000   9     0.5937908242  1.3865048638e+05
  0.250000  0.018000        1700.000000   9     0.5937591237  1.3977070849e+05
  0.250000  0.020000        1700.000000   9     0.5937589895  1.4126466779e+05
  0.250000  0.022000        1700.000000   9     0.5937212740  1.4268743276e+05
  0.250000  0.024000        1700.000000   9     0.5936405424  1.4403838408e+05
  0.300000  0.018000        1700.000000   9     0.5936134461  1.4487560879e+05
  0.300000  0.020000        1700.000000   9     0.5935535366  1.4676294440e+05
  0.300000  0.022000        1700.000000   9     0.5934344990  1.4854320589e+05
  0.350000  0.018000        1700.000000   9     0.5932643663  1.5083986216e+05
  0.350000  0.020000        1700.000000   9     0.5930859532  1.5313524385e+05
  0.350000  0.022000        1700.000000   9     0.5928151053  1.5527283766e+05
  0.400000  0.016000        1700.000000   9     0.5928298697  1.5485405192e+05
  0.400000  0.018000        1700.000000   9     0.5925648697  1.5778109219e+05
  0.400000  0.020000        1700.000000   9     0.5921743349  1.6047834014e+05
  0.400000  0.022000        1700.000000   9     0.5916424638  1.6294740042e+05
  0.450000  0.014000        1700.000000   9     0.5922261639  1.5869728659e+05
  0.450000  0.016000        1700.000000   9     0.5918393448  1.6241808518e+05
  0.450000  0.018000        1700.000000   9     0.5912846589  1.6580510460e+05
  0.450000  0.020000        1700.000000   9     0.5905397208  1.6886257244e+05
  0.450000  0.022000        1700.000000   9     0.5895854174  1.7159601816e+05
  0.500000  0.014000        1700.000000   9     0.5908760338  1.6693430095e+05
  0.500000  0.016000        1700.000000   9     0.5901003696  1.7119453384e+05
  0.500000  0.018000        1700.000000   9     0.5890726129  1.7497830146e+05
  0.500000  0.020000        1700.000000   9     0.5877670979  1.7829737564e+05
  0.550000  0.014000        1700.000000   9     0.5885710908  1.7653379196e+05
  0.550000  0.016000        1700.000000   9     0.5871722433  1.8124099047e+05
  0.550000  0.018000        1700.000000   9     0.5854111045  1.8527909893e+05
  0.550000  0.020000        1700.000000   9     0.5832629794  1.8867490749e+05
  0.600000  0.012000        1700.000000   9     0.5866428682  1.8161412122e+05
  0.600000  0.014000        1700.000000   9     0.5847589202  1.8753731931e+05
  0.600000  0.016000        1700.000000   9     0.5824121835  1.9248832231e+05
  0.600000  0.018000        1700.000000   9     0.5795733127  1.9651977709e+05
  0.650000  0.012000        1700.000000   9     0.5817412414  1.9364538319e+05
  0.650000  0.014000        1700.000000   9     0.5786449754  1.9980427883e+05
  0.650000  0.016000        1700.000000   9     0.5749400564  2.0463282921e+05
  0.650000  0.018000        1700.000000   9     0.5706175399  2.0823736690e+05
  0.700000  0.012000        1700.000000   9     0.5739605958  2.0698084366e+05
  0.700000  0.014000        1700.000000   9     0.5691804900  2.1286444471e+05
  0.700000  0.016000        1700.000000   9     0.5636801832  2.1699718467e+05
  0.750000  0.010000        1700.000000   9     0.5681898575  2.1353420508e+05
  0.750000  0.012000        1700.000000   9     0.5620829498  2.2091454924e+05
  0.750000  0.014000        1700.000000   9     0.5551975888  2.2575035110e+05
  0.750000  0.016000        1700.000000   9     0.5476006130  2.2842280416e+05
  0.800000  0.010000        1700.000000   9     0.5534257221  2.2820131137e+05
  0.800000  0.012000        1700.000000   9     0.5449586351  2.3409905382e+05
  0.800000  0.014000        1700.000000   9     0.5358639670  2.3693671043e+05
  0.850000  0.010000        1700.000000   9     0.5328569419  2.4132158329e+05
  0.850000  0.012000        1700.000000   9     0.5222958711  2.4461342259e+05
  0.900000  0.008000        1700.000000   9     0.5192869833  2.4608488444e+05
  0.900000  0.010000        1700.000000   9     0.5073784280  2.5062030763e+05
  0.950000  0.008000        1700.000000   9     0.4931575980  2.5352361616e+05
  0.950000  0.010000        1700.000000   9     0.4808549809  2.5442220282e+05
