  0.080000  0.038000        1700.000000   9     0.5870921309  1.3457519031e+05
  0.100000  0.038000        1700.000000   9     0.5869026596  1.3937268548e+05
  0.120000  0.038000        1700.000000   9     0.5862699199  1.4519559667e+05
  0.140000  0.038000        1700.000000   9     0.5849256202  1.5210278986e+05
  0.160000  0.036000        1700.000000   9     0.5825771857  1.5858193421e+05
  0.160000  0.038000        1700.000000   9     0.5825629753  1.6007184458e+05
  0.180000  0.030000        1700.000000   9     0.5793927684  1.6140419086e+05
  0.180000  0.032000        1700.000000   9     0.5793060029  1.6340869681e+05
  0.180000  0.034000        1700.000000   9     0.5792005216  1.6533881398e+05
  0.180000  0.036000        1700.000000   9     0.5790708712  1.6719439182e+05
  0.180000  0.038000        1700.000000   9     0.5789119527  1.6897538989e+05
  0.200000  0.030000        1700.000000   9     0.5750655613  1.6978820272e+05
  0.200000  0.032000        1700.000000   9     0.5748005384  1.7213579591e+05
  0.200000  0.034000        1700.000000   9     0.5745125161  1.7438298130e+05
  0.200000  0.036000        1700.000000   9     0.5741946975  1.7653001050e+05
  0.200000  0.038000        1700.000000   9     0.5738408518  1.7857727732e+05
  0.220000  0.030000        1700.000000   9     0.5695562650  1.7871449983e+05
  0.220000  0.032000        1700.000000   9     0.5690735520  1.8137248481e+05
  0.220000  0.034000        1700.000000   9     0.5685634863  1.8389783338e+05
  0.220000  0.036000        1700.000000   9     0.5680179394  1.8629164568e+05
  0.220000  0.038000        1700.000000   9     0.5674296210  1.8855519594e+05
  0.240000  0.032000        1700.000000   9     0.5623579559  1.9082383737e+05
  0.240000  0.034000        1700.000000   9     0.5616009774  1.9356440779e+05
  0.240000  0.036000        1700.000000   9     0.5608029617  1.9613709026e+05
  0.240000  0.038000        1700.000000   9     0.5599557672  1.9854466878e+05
  0.260000  0.032000        1700.000000   9     0.5549853898  2.0018560181e+05
  0.260000  0.034000        1700.000000   9     0.5539702730  2.0305953486e+05
  0.260000  0.036000        1700.000000   9     0.5529087830  2.0572585123e+05
  0.260000  0.038000        1700.000000   9     0.5517922791  2.0818963029e+05
  0.280000  0.032000        1700.000000   9     0.5472757990  2.0917914504e+05
  0.280000  0.034000        1700.000000   9     0.5460004467  2.1209315931e+05
  0.280000  0.036000        1700.000000   9     0.5446738391  2.1475863791e+05
  0.280000  0.038000        1700.000000   9     0.5432873031  2.1718382793e+05
  0.300000  0.032000        1700.000000   9     0.5394675142  2.1757446138e+05
  0.300000  0.034000        1700.000000   9     0.5379346388  2.2043184547e+05
  0.300000  0.036000        1700.000000   9     0.5363465725  2.2300102488e+05
  0.300000  0.038000        1700.000000   9     0.5346951252  2.2529427562e+05
  0.320000  0.034000        1700.000000   9     0.5299199313  2.2790729266e+05
  0.320000  0.036000        1700.000000   9     0.5280773226  2.3029059110e+05
  0.320000  0.038000        1700.000000   9     0.5261699706  2.3236666019e+05
  0.340000  0.034000        1700.000000   9     0.5220316849  2.3441342726e+05
  0.340000  0.036000        1700.000000   9     0.5199443238  2.3653190509e+05
  0.340000  0.038000        1700.000000   9     0.5177934795  2.3831796397e+05
  0.360000  0.034000        1700.000000   9     0.5143047789  2.3989707687e+05
  0.360000  0.036000        1700.000000   9     0.5119855925  2.4168506417e+05
  0.360000  0.038000        1700.000000   9     0.5096071003  2.4312274495e+05
  0.380000  0.034000        1700.000000   9     0.5067582238  2.4434648978e+05
  0.380000  0.036000        1700.000000   9     0.5042234457  2.4575246816e+05
  0.380000  0.038000        1700.000000   9     0.5016364645  2.4679815649e+05
