  0.000000  0.000000  1700.000000    9     0.5847423153  1.2339795166e+05
  0.002000  0.000000  1700.000000    9     0.5848855069  1.2343145099e+05
  0.004000  0.000000  1700.000000    9     0.5850199317  1.2345638290e+05
  0.006000  0.000000  1700.000000    9     0.5851454784  1.2347275107e+05
  0.008000  0.000000  1700.000000    9     0.5852620373  1.2348056798e+05
  0.010000  0.000000  1700.000000    9     0.5853694998  1.2347985490e+05
  0.012000  0.000000  1700.000000    9     0.5854677588  1.2347064175e+05
  0.014000  0.000000  1700.000000    9     0.5855567086  1.2345296708e+05
  0.016000  0.000000  1700.000000    9     0.5856362450  1.2342687793e+05
  0.018000  0.000000  1700.000000    9     0.5857062653  1.2339242968e+05
  0.020000  0.000000  1700.000000    9     0.5857666685  1.2334968599e+05
  0.022000  0.000000  1700.000000    9     0.5858173555  1.2329871856e+05
  0.024000  0.000000  1700.000000    9     0.5858582289  1.2323960698e+05
  0.026000  0.000000  1700.000000    9     0.5858891934  1.2317243858e+05
  0.028000  0.000000  1700.000000    9     0.5859101560  1.2309730816e+05
  0.030000  0.000000  1700.000000    9     0.5859210260  1.2301431785e+05
  0.032000  0.000000  1700.000000    9     0.5859217153  1.2292357681e+05
  0.034000  0.000000  1700.000000    9     0.5859121387  1.2282520103e+05
  0.036000  0.000000  1700.000000    9     0.5858922138  1.2271931307e+05
  0.038000  0.000000  1700.000000    9     0.5858618616  1.2260604182e+05
  0.000000  0.050000  1700.000000    9     0.5847423153  1.2339795166e+05
  0.002000  0.050000  1700.000000    9     0.5849076769  1.2369126383e+05
  0.004000  0.050000  1700.000000    9     0.5850666607  1.2397331448e+05
  0.006000  0.050000  1700.000000    9     0.5852189538  1.2424396980e+05
  0.008000  0.050000  1700.000000    9     0.5853642356  1.2450311402e+05
  0.010000  0.050000  1700.000000    9     0.5855021771  1.2475064938e+05
  0.012000  0.050000  1700.000000    9     0.5856324421  1.2498649603e+05
  0.014000  0.050000  1700.000000    9     0.5857546870  1.2521059186e+05
  0.016000  0.050000  1700.000000    9     0.5858685611  1.2542289230e+05
  0.018000  0.050000  1700.000000    9     0.5859737076  1.2562337004e+05
  0.020000  0.050000  1700.000000    9     0.5860697632  1.2581201465e+05
  0.022000  0.050000  1700.000000    9     0.5861563595  1.2598883223e+05
  0.024000  0.050000  1700.000000    9     0.5862331228  1.2615384494e+05
  0.026000  0.050000  1700.000000    9     0.5862996752  1.2630709056e+05
  0.028000  0.050000  1700.000000    9     0.5863556348  1.2644862192e+05
  0.030000  0.050000  1700.000000    9     0.5864006165  1.2657850639e+05
  0.032000  0.050000  1700.000000    9     0.5864342326  1.2669682529e+05
  0.034000  0.050000  1700.000000    9     0.5864560933  1.2680367329e+05
  0.036000  0.050000  1700.000000    9     0.5864658077  1.2689915778e+05
  0.038000  0.050000  1700.000000    9     0.5864629837  1.2698339825e+05
  0.000000  0.100000  1700.000000    9     0.5847423153  1.2339795166e+05
  0.002000  0.100000  1700.000000    9     0.5849296030  1.2400235907e+05
  0.004000  0.100000  1700.000000    9     0.5851146706  1.2459099086e+05
  0.006000  0.100000  1700.000000    9     0.5852967536  1.2516345093e+05
  0.008000  0.100000  1700.000000    9     0.5854750665  1.2571938143e+05
  0.010000  0.100000  1700.000000    9     0.5856488038  1.2625846263e+05
  0.012000  0.100000  1700.000000    9     0.5858171416  1.2678041259e+05
  0.014000  0.100000  1700.000000    9     0.5859792387  1.2728498668e+05
  0.016000  0.100000  1700.000000    9     0.5861342381  1.2777197686e+05
  0.018000  0.100000  1700.000000    9     0.5862812688  1.2824121079e+05
  0.020000  0.100000  1700.000000    9     0.5864194469  1.2869255086e+05
  0.022000  0.100000  1700.000000    9     0.5865478775  1.2912589308e+05
  0.024000  0.100000  1700.000000    9     0.5866656558  1.2954116578e+05
  0.026000  0.100000  1700.000000    9     0.5867718691  1.2993832835e+05
  0.028000  0.100000  1700.000000    9     0.5868655982  1.3031736981e+05
  0.030000  0.100000  1700.000000    9     0.5869459186  1.3067830738e+05
  0.032000  0.100000  1700.000000    9     0.5870119026  1.3102118498e+05
  0.034000  0.100000  1700.000000    9     0.5870626202  1.3134607172e+05
  0.036000  0.100000  1700.000000    9     0.5870971407  1.3165306040e+05
  0.038000  0.100000  1700.000000    9     0.5871145347  1.3194226595e+05
  0.000000  0.150000  1700.000000    9     0.5847423153  1.2339795166e+05
  0.002000  0.150000  1700.000000    9     0.5849504802  1.2437653125e+05
  0.004000  0.150000  1700.000000    9     0.5851629967  1.2533212136e+05
  0.006000  0.150000  1700.000000    9     0.5853781850  1.2626387918e+05
  0.008000  0.150000  1700.000000    9     0.5855943380  1.2717104207e+05
  0.010000  0.150000  1700.000000    9     0.5858097251  1.2805292674e+05
  0.012000  0.150000  1700.000000    9     0.5860225952  1.2890892785e+05
  0.014000  0.150000  1700.000000    9     0.5862311808  1.2973851620e+05
  0.016000  0.150000  1700.000000    9     0.5864337009  1.3054123640e+05
  0.018000  0.150000  1700.000000    9     0.5866283648  1.3131670423e+05
  0.020000  0.150000  1700.000000    9     0.5868133748  1.3206460376e+05
  0.022000  0.150000  1700.000000    9     0.5869869298  1.3278468411e+05
  0.024000  0.150000  1700.000000    9     0.5871472278  1.3347675619e+05
  0.026000  0.150000  1700.000000    9     0.5872924688  1.3414068918e+05
  0.028000  0.150000  1700.000000    9     0.5874208581  1.3477640702e+05
  0.030000  0.150000  1700.000000    9     0.5875306079  1.3538388483e+05
  0.032000  0.150000  1700.000000    9     0.5876199409  1.3596314538e+05
  0.034000  0.150000  1700.000000    9     0.5876870924  1.3651425558e+05
  0.036000  0.150000  1700.000000    9     0.5877303130  1.3703732301e+05
  0.038000  0.150000  1700.000000    9     0.5877478711  1.3753249266e+05
  0.000000  0.200000  1700.000000    9     0.5847423153  1.2339795166e+05
  0.002000  0.200000  1700.000000    9     0.5849690158  1.2482885533e+05
  0.004000  0.200000  1700.000000    9     0.5852099157  1.2622552712e+05
  0.006000  0.200000  1700.000000    9     0.5854615944  1.2758641510e+05
  0.008000  0.200000  1700.000000    9     0.5857206378  1.2891013034e+05
  0.010000  0.200000  1700.000000    9     0.5859836438  1.3019544324e+05
  0.012000  0.200000  1700.000000    9     0.5862472285  1.3144127866e+05
  0.014000  0.200000  1700.000000    9     0.5865080309  1.3264671002e+05
  0.016000  0.200000  1700.000000    9     0.5867627176  1.3381095255e+05
  0.018000  0.200000  1700.000000    9     0.5870079875  1.3493335597e+05
  0.020000  0.200000  1700.000000    9     0.5872405751  1.3601339668e+05
  0.022000  0.200000  1700.000000    9     0.5874572543  1.3705066969e+05
  0.024000  0.200000  1700.000000    9     0.5876548415  1.3804488040e+05
  0.026000  0.200000  1700.000000    9     0.5878301987  1.3899583640e+05
  0.028000  0.200000  1700.000000    9     0.5879802361  1.3990343935e+05
  0.030000  0.200000  1700.000000    9     0.5881019153  1.4076767704e+05
  0.032000  0.200000  1700.000000    9     0.5881922523  1.4158861579e+05
  0.034000  0.200000  1700.000000    9     0.5882483202  1.4236639318e+05
  0.036000  0.200000  1700.000000    9     0.5882672531  1.4310121117e+05
  0.038000  0.200000  1700.000000    9     0.5882462494  1.4379332972e+05
  0.000000  0.250000  1700.000000    9     0.5847423153  1.2339795166e+05
  0.002000  0.250000  1700.000000    9     0.5849831355  1.2537876741e+05
  0.004000  0.250000  1700.000000    9     0.5852524316  1.2730805250e+05
  0.006000  0.250000  1700.000000    9     0.5855436120  1.2918318814e+05
  0.008000  0.250000  1700.000000    9     0.5858502485  1.3100187534e+05
  0.010000  0.250000  1700.000000    9     0.5861660771  1.3276212265e+05
  0.012000  0.250000  1700.000000    9     0.5864849971  1.3446223150e+05
  0.014000  0.250000  1700.000000    9     0.5868010706  1.3610077976e+05
  0.016000  0.250000  1700.000000    9     0.5871085207  1.3767660408e+05
  0.018000  0.250000  1700.000000    9     0.5874017297  1.3918878143e+05
  0.020000  0.250000  1700.000000    9     0.5876752371  1.4063661048e+05
  0.022000  0.250000  1700.000000    9     0.5879237369  1.4201959286e+05
  0.024000  0.250000  1700.000000    9     0.5881420764  1.4333741501e+05
  0.026000  0.250000  1700.000000    9     0.5883252537  1.4458993047e+05
  0.028000  0.250000  1700.000000    9     0.5884684179  1.4577714318e+05
  0.030000  0.250000  1700.000000    9     0.5885668678  1.4689919168e+05
  0.032000  0.250000  1700.000000    9     0.5886160535  1.4795633452e+05
  0.034000  0.250000  1700.000000    9     0.5886115778  1.4894893691e+05
  0.036000  0.250000  1700.000000    9     0.5885491991  1.4987745860e+05
  0.038000  0.250000  1700.000000    9     0.5884248362  1.5074244325e+05
  0.000000  0.300000  1700.000000    9     0.5847423153  1.2339795166e+05
  0.002000  0.300000  1700.000000    9     0.5849894935  1.2605155360e+05
  0.004000  0.300000  1700.000000    9     0.5852853990  1.2862713996e+05
  0.006000  0.300000  1700.000000    9     0.5856178364  1.3112056492e+05
  0.008000  0.300000  1700.000000    9     0.5859752492  1.3352828889e+05
  0.010000  0.300000  1700.000000    9     0.5863466759  1.3584734342e+05
  0.012000  0.300000  1700.000000    9     0.5867217087  1.3807529229e+05
  0.014000  0.300000  1700.000000    9     0.5870904561  1.4021019032e+05
  0.016000  0.300000  1700.000000    9     0.5874435082  1.4225054125e+05
  0.018000  0.300000  1700.000000    9     0.5877719056  1.4419525579e+05
  0.020000  0.300000  1700.000000    9     0.5880671109  1.4604361075e+05
  0.022000  0.300000  1700.000000    9     0.5883209844  1.4779520983e+05
  0.024000  0.300000  1700.000000    9     0.5885257632  1.4944994682e+05
  0.026000  0.300000  1700.000000    9     0.5886740434  1.5100797133e+05
  0.028000  0.300000  1700.000000    9     0.5887587670  1.5246965761e+05
  0.030000  0.300000  1700.000000    9     0.5887732117  1.5383557643e+05
  0.032000  0.300000  1700.000000    9     0.5887109849  1.5510647018e+05
  0.034000  0.300000  1700.000000    9     0.5885660218  1.5628323133e+05
  0.036000  0.300000  1700.000000    9     0.5883325867  1.5736688405e+05
  0.038000  0.300000  1700.000000    9     0.5880052779  1.5835856897e+05
  0.000000  0.350000  1700.000000    9     0.5847423153  1.2339795166e+05
  0.002000  0.350000  1700.000000    9     0.5849826403  1.2688041666e+05
  0.004000  0.350000  1700.000000    9     0.5853000100  1.3024430392e+05
  0.006000  0.350000  1700.000000    9     0.5856725426  1.3348340456e+05
  0.008000  0.350000  1700.000000    9     0.5860802143  1.3659262248e+05
  0.010000  0.350000  1700.000000    9     0.5865046365  1.3956788400e+05
  0.012000  0.350000  1700.000000    9     0.5869288646  1.4240604369e+05
  0.014000  0.350000  1700.000000    9     0.5873372352  1.4510478977e+05
  0.016000  0.350000  1700.000000    9     0.5877152265  1.4766255186e+05
  0.018000  0.350000  1700.000000    9     0.5880493398  1.5007841302e+05
  0.020000  0.350000  1700.000000    9     0.5883270000  1.5235202765e+05
  0.022000  0.350000  1700.000000    9     0.5885364729  1.5448354616e+05
  0.024000  0.350000  1700.000000    9     0.5886667972  1.5647354700e+05
  0.026000  0.350000  1700.000000    9     0.5887077318  1.5832297653e+05
  0.028000  0.350000  1700.000000    9     0.5886497149  1.6003309661e+05
  0.030000  0.350000  1700.000000    9     0.5884838354  1.6160544002e+05
  0.032000  0.350000  1700.000000    9     0.5882018152  1.6304177335e+05
  0.034000  0.350000  1700.000000    9     0.5877960020  1.6434406704e+05
  0.036000  0.350000  1700.000000    9     0.5872593702  1.6551447212e+05
  0.038000  0.350000  1700.000000    9     0.5865855314  1.6655530316e+05
  0.000000  0.400000  1700.000000    9     0.5847423153  1.2339795166e+05
  0.002000  0.400000  1700.000000    9     0.5849535814  1.2790935968e+05
  0.004000  0.400000  1700.000000    9     0.5852811534  1.3223980309e+05
  0.006000  0.400000  1700.000000    9     0.5856866789  1.3638051212e+05
  0.008000  0.400000  1700.000000    9     0.5861365178  1.4032469705e+05
  0.010000  0.400000  1700.000000    9     0.5866009456  1.4406733366e+05
  0.012000  0.400000  1700.000000    9     0.5870535181  1.4760495183e+05
  0.014000  0.400000  1700.000000    9     0.5874705634  1.5093543368e+05
  0.016000  0.400000  1700.000000    9     0.5878307738  1.5405782606e+05
  0.018000  0.400000  1700.000000    9     0.5881148798  1.5697216987e+05
  0.020000  0.400000  1700.000000    9     0.5883053907  1.5967934800e+05
  0.022000  0.400000  1700.000000    9     0.5883863897  1.6218095233e+05
  0.024000  0.400000  1700.000000    9     0.5883433769  1.6447916973e+05
  0.026000  0.400000  1700.000000    9     0.5881631511  1.6657668654e+05
  0.028000  0.400000  1700.000000    9     0.5878337256  1.6847661046e+05
  0.030000  0.400000  1700.000000    9     0.5873442733  1.7018240883e+05
  0.032000  0.400000  1700.000000    9     0.5866850970  1.7169786170e+05
  0.034000  0.400000  1700.000000    9     0.5858476210  1.7302702837e+05
  0.036000  0.400000  1700.000000    9     0.5848244007  1.7417422546e+05
  0.038000  0.400000  1700.000000    9     0.5836091468  1.7514401500e+05
  0.000000  0.450000  1700.000000    9     0.5847423153  1.2339795166e+05
  0.002000  0.450000  1700.000000    9     0.5848872268  1.2919721837e+05
  0.004000  0.450000  1700.000000    9     0.5852027512  1.3471885860e+05
  0.006000  0.450000  1700.000000    9     0.5856228670  1.3995140457e+05
  0.008000  0.450000  1700.000000    9     0.5860925704  1.4488680153e+05
  0.010000  0.450000  1700.000000    9     0.5865654447  1.4951993043e+05
  0.012000  0.450000  1700.000000    9     0.5870018656  1.5384816344e+05
  0.014000  0.450000  1700.000000    9     0.5873676633  1.5787096159e+05
  0.016000  0.450000  1700.000000    9     0.5876331172  1.6158951963e+05
  0.018000  0.450000  1700.000000    9     0.5877722007  1.6500645902e+05
  0.020000  0.450000  1700.000000    9     0.5877620146  1.6812556855e+05
  0.022000  0.450000  1700.000000    9     0.5875823676  1.7095158980e+05
  0.024000  0.450000  1700.000000    9     0.5872154718  1.7349004452e+05
  0.026000  0.450000  1700.000000    9     0.5866457310  1.7574710010e+05
  0.028000  0.450000  1700.000000    9     0.5858596018  1.7772946879e+05
  0.030000  0.450000  1700.000000    9     0.5848455146  1.7944433663e+05
  0.032000  0.450000  1700.000000    9     0.5835938410  1.8089931728e+05
  0.034000  0.450000  1700.000000    9     0.5820968976  1.8210242633e+05
  0.036000  0.450000  1700.000000    9     0.5803489745  1.8306207131e+05
  0.038000  0.450000  1700.000000    9     0.5783463812  1.8378705274e+05
  0.000000  0.500000  1700.000000    9     0.5847423153  1.2339795166e+05
  0.002000  0.500000  1700.000000    9     0.5847577813  1.3082327686e+05
  0.004000  0.500000  1700.000000    9     0.5850194411  1.3781972476e+05
  0.006000  0.500000  1700.000000    9     0.5854151732  1.4437415709e+05
  0.008000  0.500000  1700.000000    9     0.5858572526  1.5047910983e+05
  0.010000  0.500000  1700.000000    9     0.5862756137  1.5613179291e+05
  0.012000  0.500000  1700.000000    9     0.5866132927  1.6133321230e+05
  0.014000  0.500000  1700.000000    9     0.5868232852  1.6608742019e+05
  0.016000  0.500000  1700.000000    9     0.5868663499  1.7040088951e+05
  0.018000  0.500000  1700.000000    9     0.5867094662  1.7428200429e+05
  0.020000  0.500000  1700.000000    9     0.5863247507  1.7774065504e+05
  0.022000  0.500000  1700.000000    9     0.5856887079  1.8078792714e+05
  0.024000  0.500000  1700.000000    9     0.5847817248  1.8343586983e+05
  0.026000  0.500000  1700.000000    9     0.5835877483  1.8569733367e+05
  0.028000  0.500000  1700.000000    9     0.5820940962  1.8758586408e+05
  0.030000  0.500000  1700.000000    9     0.5802913665  1.8911563886e+05
  0.032000  0.500000  1700.000000    9     0.5781734117  1.9030143792e+05
  0.034000  0.500000  1700.000000    9     0.5757373521  1.9115863382e+05
  0.036000  0.500000  1700.000000    9     0.5729836032  1.9170319220e+05
  0.038000  0.500000  1700.000000    9     0.5699158944  1.9195167231e+05
  0.000000  0.550000  1700.000000    9     0.5847423153  1.2339795166e+05
  0.002000  0.550000  1700.000000    9     0.5845202407  1.3289496737e+05
  0.004000  0.550000  1700.000000    9     0.5846516377  1.4172360750e+05
  0.006000  0.550000  1700.000000    9     0.5849478572  1.4987315314e+05
  0.008000  0.550000  1700.000000    9     0.5852722316  1.5734188749e+05
  0.010000  0.550000  1700.000000    9     0.5855226057  1.6413512239e+05
  0.012000  0.550000  1700.000000    9     0.5856206503  1.7026357631e+05
  0.014000  0.550000  1700.000000    9     0.5855051168  1.7574207498e+05
  0.016000  0.550000  1700.000000    9     0.5851274850  1.8058853613e+05
  0.018000  0.550000  1700.000000    9     0.5844491225  1.8482319820e+05
  0.020000  0.550000  1700.000000    9     0.5834394328  1.8846805440e+05
  0.022000  0.550000  1700.000000    9     0.5820746645  1.9154645538e+05
  0.024000  0.550000  1700.000000    9     0.5803371707  1.9408284631e+05
  0.026000  0.550000  1700.000000    9     0.5782149704  1.9610260571e+05
  0.028000  0.550000  1700.000000    9     0.5757015059  1.9763195586e+05
  0.030000  0.550000  1700.000000    9     0.5727955116  1.9869791596e+05
  0.032000  0.550000  1700.000000    9     0.5695009275  1.9932827287e+05
  0.034000  0.550000  1700.000000    9     0.5658268018  1.9955154678e+05
  0.036000  0.550000  1700.000000    9     0.5617871391  1.9939693410e+05
  0.038000  0.550000  1700.000000    9     0.5574006604  1.9889421444e+05
  0.000000  0.600000  1700.000000    9     0.5847423153  1.2339795166e+05
  0.002000  0.600000  1700.000000    9     0.5840944230  1.3555802150e+05
  0.004000  0.600000  1700.000000    9     0.5839586751  1.4666537821e+05
  0.006000  0.600000  1700.000000    9     0.5840189435  1.5672326200e+05
  0.008000  0.600000  1700.000000    9     0.5840669265  1.6574820243e+05
  0.010000  0.600000  1700.000000    9     0.5839589978  1.7376639287e+05
  0.012000  0.600000  1700.000000    9     0.5835927261  1.8081092243e+05
  0.014000  0.600000  1700.000000    9     0.5828934538  1.8691971639e+05
  0.016000  0.600000  1700.000000    9     0.5818063646  1.9213404894e+05
  0.018000  0.600000  1700.000000    9     0.5802917073  1.9649750914e+05
  0.020000  0.600000  1700.000000    9     0.5783219066  2.0005531632e+05
  0.022000  0.600000  1700.000000    9     0.5758798273  2.0285389296e+05
  0.024000  0.600000  1700.000000    9     0.5729577322  2.0494061267e+05
  0.026000  0.600000  1700.000000    9     0.5695566341  2.0636365034e+05
  0.028000  0.600000  1700.000000    9     0.5656858273  2.0717187155e+05
  0.030000  0.600000  1700.000000    9     0.5613624477  2.0741471022e+05
  0.032000  0.600000  1700.000000    9     0.5566109521  2.0714199721e+05
  0.034000  0.600000  1700.000000    9     0.5514624509  2.0640371726e+05
  0.036000  0.600000  1700.000000    9     0.5459538597  2.0524968679e+05
  0.038000  0.600000  1700.000000    9     0.5401268746  2.0372915934e+05
  0.000000  0.650000  1700.000000    9     0.5847423153  1.2339795166e+05
  0.002000  0.650000  1700.000000    9     0.5833346301  1.3900863901e+05
  0.004000  0.650000  1700.000000    9     0.5826910080  1.5294115316e+05
  0.006000  0.650000  1700.000000    9     0.5822796057  1.6524177349e+05
  0.008000  0.650000  1700.000000    9     0.5817887929  1.7597383263e+05
  0.010000  0.650000  1700.000000    9     0.5810241439  1.8521169109e+05
  0.012000  0.650000  1700.000000    9     0.5798595121  1.9303651761e+05
  0.014000  0.650000  1700.000000    9     0.5782119988  1.9953342525e+05
  0.016000  0.650000  1700.000000    9     0.5760284806  2.0478960805e+05
  0.018000  0.650000  1700.000000    9     0.5732781115  2.0889319211e+05
  0.020000  0.650000  1700.000000    9     0.5699480295  2.1193256309e+05
  0.022000  0.650000  1700.000000    9     0.5660407743  2.1399597069e+05
  0.024000  0.650000  1700.000000    9     0.5615725496  2.1517124727e+05
  0.026000  0.650000  1700.000000    9     0.5565717991  2.1554551739e+05
  0.028000  0.650000  1700.000000    9     0.5510777797  2.1520481729e+05
  0.030000  0.650000  1700.000000    9     0.5451389573  2.1423358613e+05
  0.032000  0.650000  1700.000000    9     0.5388111656  2.1271403044e+05
  0.034000  0.650000  1700.000000    9     0.5321555565  2.1072539578e+05
  0.036000  0.650000  1700.000000    9     0.5252364324  2.0834320184e+05
  0.038000  0.650000  1700.000000    9     0.5181190854  2.0563850759e+05
  0.000000  0.700000  1700.000000    9     0.5847423153  1.2339795166e+05
  0.002000  0.700000  1700.000000    9     0.5819721096  1.4350450968e+05
  0.004000  0.700000  1700.000000    9     0.5804078788  1.6090169556e+05
  0.006000  0.700000  1700.000000    9     0.5791395441  1.7574866432e+05
  0.008000  0.700000  1700.000000    9     0.5777059794  1.8821885416e+05
  0.010000  0.700000  1700.000000    9     0.5758536589  1.9849167356e+05
  0.012000  0.700000  1700.000000    9     0.5734387151  2.0674733299e+05
  0.014000  0.700000  1700.000000    9     0.5703824912  2.1316381173e+05
  0.016000  0.700000  1700.000000    9     0.5666496808  2.1791521274e+05
  0.018000  0.700000  1700.000000    9     0.5622367700  2.2117092574e+05
  0.020000  0.700000  1700.000000    9     0.5571652868  2.2309515062e+05
  0.022000  0.700000  1700.000000    9     0.5514771811  2.2384646160e+05
  0.024000  0.700000  1700.000000    9     0.5452309790  2.2357722221e+05
  0.026000  0.700000  1700.000000    9     0.5384980649  2.2243278339e+05
  0.028000  0.700000  1700.000000    9     0.5313588674  2.2055049880e+05
  0.030000  0.700000  1700.000000    9     0.5238989868  2.1805866138e+05
  0.032000  0.700000  1700.000000    9     0.5162054437  2.1507549860e+05
  0.034000  0.700000  1700.000000    9     0.5083632759  2.1170836068e+05
  0.036000  0.700000  1700.000000    9     0.5004526903  2.0805320485e+05
  0.038000  0.700000  1700.000000    9     0.4925469031  2.0419443076e+05
  0.000000  0.750000  1700.000000    9     0.5847423153  1.2339795166e+05
  0.002000  0.750000  1700.000000    9     0.5795093727  1.4936375334e+05
  0.004000  0.750000  1700.000000    9     0.5763470332  1.7090478672e+05
  0.006000  0.750000  1700.000000    9     0.5736401476  1.8845671354e+05
  0.008000  0.750000  1700.000000    9     0.5707035971  2.0244000320e+05
  0.010000  0.750000  1700.000000    9     0.5672167899  2.1325394740e+05
  0.012000  0.750000  1700.000000    9     0.5630319011  2.2127423463e+05
  0.014000  0.750000  1700.000000    9     0.5580967851  2.2685256113e+05
  0.016000  0.750000  1700.000000    9     0.5524195042  2.3031713398e+05
  0.018000  0.750000  1700.000000    9     0.5460494079  2.3197326183e+05
  0.020000  0.750000  1700.000000    9     0.5390649822  2.3210358644e+05
  0.022000  0.750000  1700.000000    9     0.5315644557  2.3096784163e+05
  0.024000  0.750000  1700.000000    9     0.5236576418  2.2880228054e+05
  0.026000  0.750000  1700.000000    9     0.5154586500  2.2581905075e+05
  0.028000  0.750000  1700.000000    9     0.5070795935  2.2220582060e+05
  0.030000  0.750000  1700.000000    9     0.4986255453  2.1812589240e+05
  0.032000  0.750000  1700.000000    9     0.4901909186  2.1371892103e+05
  0.034000  0.750000  1700.000000    9     0.4818572861  2.0910223289e+05
  0.036000  0.750000  1700.000000    9     0.4736924977  2.0437264245e+05
  0.038000  0.750000  1700.000000    9     0.4657508471  1.9960860776e+05
  0.000000  0.800000  1700.000000    9     0.5847423153  1.2339795166e+05
  0.002000  0.800000  1700.000000    9     0.5750466396  1.5692154897e+05
  0.004000  0.800000  1700.000000    9     0.5692635214  1.8317057370e+05
  0.006000  0.800000  1700.000000    9     0.5643547714  2.0323115760e+05
  0.008000  0.800000  1700.000000    9     0.5592751111  2.1805469072e+05
  0.010000  0.800000  1700.000000    9     0.5536222941  2.2847676385e+05
  0.012000  0.800000  1700.000000    9     0.5472626830  2.3523250631e+05
  0.014000  0.800000  1700.000000    9     0.5401967534  2.3896886241e+05
  0.016000  0.800000  1700.000000    9     0.5324994092  2.4025392672e+05
  0.018000  0.800000  1700.000000    9     0.5242873347  2.3958376842e+05
  0.020000  0.800000  1700.000000    9     0.5156976156  2.3738755059e+05
  0.022000  0.800000  1700.000000    9     0.5068722924  2.3403187971e+05
  0.024000  0.800000  1700.000000    9     0.4979471445  2.2982517091e+05
  0.026000  0.800000  1700.000000    9     0.4890441263  2.2502249358e+05
  0.028000  0.800000  1700.000000    9     0.4802670382  2.1983101371e+05
  0.030000  0.800000  1700.000000    9     0.4716998846  2.1441588041e+05
  0.032000  0.800000  1700.000000    9     0.4634072509  2.0890626339e+05
  0.034000  0.800000  1700.000000    9     0.4554360127  2.0340122468e+05
  0.036000  0.800000  1700.000000    9     0.4478177702  1.9797516403e+05
  0.038000  0.800000  1700.000000    9     0.4405715419  1.9268266761e+05
  0.000000  0.850000  1700.000000    9     0.5847423153  1.2339795166e+05
  0.002000  0.850000  1700.000000    9     0.5670981250  1.6637568531e+05
  0.004000  0.850000  1700.000000    9     0.5574051026  1.9745357860e+05
  0.006000  0.850000  1700.000000    9     0.5495622014  2.1917845742e+05
  0.008000  0.850000  1700.000000    9     0.5419028971  2.3356698758e+05
  0.010000  0.850000  1700.000000    9     0.5338998017  2.4223948427e+05
  0.012000  0.850000  1700.000000    9     0.5254331050  2.4650756375e+05
  0.014000  0.850000  1700.000000    9     0.5165552505  2.4743443386e+05
  0.016000  0.850000  1700.000000    9     0.5073924571  2.4587828976e+05
  0.018000  0.850000  1700.000000    9     0.4980949452  2.4252556978e+05
  0.020000  0.850000  1700.000000    9     0.4888094422  2.3791834389e+05
  0.022000  0.850000  1700.000000    9     0.4796644329  2.3247817698e+05
  0.024000  0.850000  1700.000000    9     0.4707636332  2.2652744636e+05
  0.026000  0.850000  1700.000000    9     0.4621847911  2.2030832277e+05
  0.028000  0.850000  1700.000000    9     0.4539816679  2.1399933276e+05
  0.030000  0.850000  1700.000000    9     0.4461876131  2.0772942428e+05
  0.032000  0.850000  1700.000000    9     0.4388196523  2.0158958421e+05
  0.034000  0.850000  1700.000000    9     0.4318824295  1.9564219123e+05
  0.036000  0.850000  1700.000000    9     0.4253716654  1.8992837993e+05
  0.038000  0.850000  1700.000000    9     0.4192770058  1.8447373107e+05
  0.000000  0.900000  1700.000000    9     0.5847423153  1.2339795166e+05
  0.002000  0.900000  1700.000000    9     0.5538805701  1.7741365693e+05
  0.004000  0.900000  1700.000000    9     0.5392765940  2.1250394332e+05
  0.006000  0.900000  1700.000000    9     0.5283355079  2.3422008109e+05
  0.008000  0.900000  1700.000000    9     0.5183473163  2.4645181428e+05
  0.010000  0.900000  1700.000000    9     0.5085627041  2.5199198363e+05
  0.012000  0.900000  1700.000000    9     0.4988202525  2.5286990470e+05
  0.014000  0.900000  1700.000000    9     0.4891601375  2.5056420799e+05
  0.016000  0.900000  1700.000000    9     0.4796830939  2.4614815133e+05
  0.018000  0.900000  1700.000000    9     0.4704928417  2.4039429941e+05
  0.020000  0.900000  1700.000000    9     0.4616736025  2.3385254426e+05
  0.022000  0.900000  1700.000000    9     0.4532839549  2.2690908008e+05
  0.024000  0.900000  1700.000000    9     0.4453582079  2.1983095338e+05
  0.026000  0.900000  1700.000000    9     0.4379107531  2.1279941933e+05
  0.028000  0.900000  1700.000000    9     0.4309410728  2.0593461716e+05
  0.030000  0.900000  1700.000000    9     0.4244383234  1.9931359996e+05
  0.032000  0.900000  1700.000000    9     0.4183850875  1.9298336264e+05
  0.034000  0.900000  1700.000000    9     0.4127602413  1.8697016567e+05
  0.036000  0.900000  1700.000000    9     0.4075410328  1.8128615338e+05
  0.038000  0.900000  1700.000000    9     0.4027045195  1.7593401817e+05
  0.000000  0.950000  1700.000000    9     0.5847423153  1.2339795166e+05
  0.002000  0.950000  1700.000000    9     0.5358347933  1.8862624859e+05
  0.004000  0.950000  1700.000000    9     0.5165477910  2.2567106863e+05
  0.006000  0.950000  1700.000000    9     0.5032093446  2.4528012630e+05
  0.008000  0.950000  1700.000000    9     0.4918068384  2.5393907315e+05
  0.010000  0.950000  1700.000000    9     0.4813031349  2.5571502485e+05
  0.012000  0.950000  1700.000000    9     0.4714171170  2.5321399835e+05
  0.014000  0.950000  1700.000000    9     0.4620902716  2.4812368566e+05
  0.016000  0.950000  1700.000000    9     0.4533230872  2.4154087619e+05
  0.018000  0.950000  1700.000000    9     0.4451216995  2.3417720785e+05
  0.020000  0.950000  1700.000000    9     0.4374826499  2.2649165774e+05
  0.022000  0.950000  1700.000000    9     0.4303911813  2.1877701144e+05
  0.024000  0.950000  1700.000000    9     0.4238238180  2.1121669548e+05
  0.026000  0.950000  1700.000000    9     0.4177517127  2.0392227111e+05
  0.028000  0.950000  1700.000000    9     0.4121435406  1.9695822509e+05
  0.030000  0.950000  1700.000000    9     0.4069676444  1.9035838528e+05
  0.032000  0.950000  1700.000000    9     0.4021934739  1.8413679987e+05
  0.034000  0.950000  1700.000000    9     0.3977924670  1.7829494814e+05
  0.036000  0.950000  1700.000000    9     0.3937385230  1.7282651367e+05
  0.038000  0.950000  1700.000000    9     0.3900081927  1.6772053414e+05
