  0.000000  0.000000  1273.000000    9     0.5258560300  1.9352842815e+04
  0.002000  0.000000  1273.000000    9     0.5262624534  1.9375679440e+04
  0.004000  0.000000  1273.000000    9     0.5266552714  1.9397206411e+04
  0.006000  0.000000  1273.000000    9     0.5270343505  1.9417409118e+04
  0.008000  0.000000  1273.000000    9     0.5273995601  1.9436274149e+04
  0.010000  0.000000  1273.000000    9     0.5277507720  1.9453789309e+04
  0.012000  0.000000  1273.000000    9     0.5280878608  1.9469943629e+04
  0.014000  0.000000  1273.000000    9     0.5284107038  1.9484727383e+04
  0.016000  0.000000  1273.000000    9     0.5287191809  1.9498132093e+04
  0.018000  0.000000  1273.000000    9     0.5290131747  1.9510150541e+04
  0.020000  0.000000  1273.000000    9     0.5292925703  1.9520776767e+04
  0.022000  0.000000  1273.000000    9     0.5295572557  1.9530006078e+04
  0.024000  0.000000  1273.000000    9     0.5298071217  1.9537835042e+04
  0.026000  0.000000  1273.000000    9     0.5300420615  1.9544261488e+04
  0.028000  0.000000  1273.000000    9     0.5302619713  1.9549284501e+04
  0.030000  0.000000  1273.000000    9     0.5304667502  1.9552904413e+04
  0.032000  0.000000  1273.000000    9     0.5306563001  1.9555122794e+04
  0.034000  0.000000  1273.000000    9     0.5308305255  1.9555942442e+04
  0.036000  0.000000  1273.000000    9     0.5309893343  1.9555367366e+04
  0.038000  0.000000  1273.000000    9     0.5311326371  1.9553402771e+04
  0.000000  0.020000  1273.000000    9     0.5258560300  1.9352842815e+04
  0.002000  0.020000  1273.000000    9     0.5262364475  1.9395892068e+04
  0.004000  0.020000  1273.000000    9     0.5266050124  1.9437675137e+04
  0.006000  0.020000  1273.000000    9     0.5269615223  1.9478168646e+04
  0.008000  0.020000  1273.000000    9     0.5273057752  1.9517350523e+04
  0.010000  0.020000  1273.000000    9     0.5276375700  1.9555200035e+04
  0.012000  0.020000  1273.000000    9     0.5279567059  1.9591697812e+04
  0.014000  0.020000  1273.000000    9     0.5282629829  1.9626825864e+04
  0.016000  0.020000  1273.000000    9     0.5285562016  1.9660567601e+04
  0.018000  0.020000  1273.000000    9     0.5288361630  1.9692907845e+04
  0.020000  0.020000  1273.000000    9     0.5291026686  1.9723832842e+04
  0.022000  0.020000  1273.000000    9     0.5293555203  1.9753330264e+04
  0.024000  0.020000  1273.000000    9     0.5295945205  1.9781389213e+04
  0.026000  0.020000  1273.000000    9     0.5298194723  1.9808000222e+04
  0.028000  0.020000  1273.000000    9     0.5300301788  1.9833155245e+04
  0.030000  0.020000  1273.000000    9     0.5302264439  1.9856847653e+04
  0.032000  0.020000  1273.000000    9     0.5304080719  1.9879072217e+04
  0.034000  0.020000  1273.000000    9     0.5305748678  1.9899825100e+04
  0.036000  0.020000  1273.000000    9     0.5307266369  1.9919103832e+04
  0.038000  0.020000  1273.000000    9     0.5308631853  1.9936907293e+04
  0.000000  0.040000  1273.000000    9     0.5258560300  1.9352842815e+04
  0.002000  0.040000  1273.000000    9     0.5261854798  1.9421827543e+04
  0.004000  0.040000  1273.000000    9     0.5265064423  1.9489629101e+04
  0.006000  0.040000  1273.000000    9     0.5268185715  1.9556210166e+04
  0.008000  0.040000  1273.000000    9     0.5271215193  1.9621534841e+04
  0.010000  0.040000  1273.000000    9     0.5274149359  1.9685568698e+04
  0.012000  0.040000  1273.000000    9     0.5276984699  1.9748278824e+04
  0.014000  0.040000  1273.000000    9     0.5279717676  1.9809633857e+04
  0.016000  0.040000  1273.000000    9     0.5282344736  1.9869604018e+04
  0.018000  0.040000  1273.000000    9     0.5284862305  1.9928161133e+04
  0.020000  0.040000  1273.000000    9     0.5287266789  1.9985278656e+04
  0.022000  0.040000  1273.000000    9     0.5289554574  2.0040931675e+04
  0.024000  0.040000  1273.000000    9     0.5291722027  2.0095096927e+04
  0.026000  0.040000  1273.000000    9     0.5293765495  2.0147752791e+04
  0.028000  0.040000  1273.000000    9     0.5295681305  2.0198879290e+04
  0.030000  0.040000  1273.000000    9     0.5297465766  2.0248458079e+04
  0.032000  0.040000  1273.000000    9     0.5299115170  2.0296472432e+04
  0.034000  0.040000  1273.000000    9     0.5300625789  2.0342907218e+04
  0.036000  0.040000  1273.000000    9     0.5301993880  2.0387748888e+04
  0.038000  0.040000  1273.000000    9     0.5303215684  2.0430985436e+04
  0.000000  0.060000  1273.000000    9     0.5258560300  1.9352842815e+04
  0.002000  0.060000  1273.000000    9     0.5260956087  1.9455041271e+04
  0.004000  0.060000  1273.000000    9     0.5263327585  1.9556182674e+04
  0.006000  0.060000  1273.000000    9     0.5265668334  1.9656207674e+04
  0.008000  0.060000  1273.000000    9     0.5267971851  1.9755058487e+04
  0.010000  0.060000  1273.000000    9     0.5270231630  1.9852678978e+04
  0.012000  0.060000  1273.000000    9     0.5272441138  1.9949014738e+04
  0.014000  0.060000  1273.000000    9     0.5274593822  2.0044013143e+04
  0.016000  0.060000  1273.000000    9     0.5276683103  2.0137623413e+04
  0.018000  0.060000  1273.000000    9     0.5278702379  2.0229796653e+04
  0.020000  0.060000  1273.000000    9     0.5280645028  2.0320485884e+04
  0.022000  0.060000  1273.000000    9     0.5282504403  2.0409646070e+04
  0.024000  0.060000  1273.000000    9     0.5284273840  2.0497234131e+04
  0.026000  0.060000  1273.000000    9     0.5285946651  2.0583208952e+04
  0.028000  0.060000  1273.000000    9     0.5287516130  2.0667531375e+04
  0.030000  0.060000  1273.000000    9     0.5288975555  2.0750164191e+04
  0.032000  0.060000  1273.000000    9     0.5290318184  2.0831072125e+04
  0.034000  0.060000  1273.000000    9     0.5291537261  2.0910221809e+04
  0.036000  0.060000  1273.000000    9     0.5292626016  2.0987581754e+04
  0.038000  0.060000  1273.000000    9     0.5293577670  2.1063122314e+04
  0.000000  0.080000  1273.000000    9     0.5258560300  1.9352842815e+04
  0.002000  0.080000  1273.000000    9     0.5259452157  1.9497418488e+04
  0.004000  0.080000  1273.000000    9     0.5260426291  1.9641100559e+04
  0.006000  0.080000  1273.000000    9     0.5261469955  1.9783795172e+04
  0.008000  0.080000  1273.000000    9     0.5262570478  1.9925410285e+04
  0.010000  0.080000  1273.000000    9     0.5263715265  2.0065855809e+04
  0.012000  0.080000  1273.000000    9     0.5264891796  2.0205043733e+04
  0.014000  0.080000  1273.000000    9     0.5266087627  2.0342888232e+04
  0.016000  0.080000  1273.000000    9     0.5267290386  2.0479305757e+04
  0.018000  0.080000  1273.000000    9     0.5268487775  2.0614215102e+04
  0.020000  0.080000  1273.000000    9     0.5269667571  2.0747537468e+04
  0.022000  0.080000  1273.000000    9     0.5270817619  2.0879196495e+04
  0.024000  0.080000  1273.000000    9     0.5271925838  2.1009118294e+04
  0.026000  0.080000  1273.000000    9     0.5272980218  2.1137231456e+04
  0.028000  0.080000  1273.000000    9     0.5273968817  2.1263467050e+04
  0.030000  0.080000  1273.000000    9     0.5274879767  2.1387758615e+04
  0.032000  0.080000  1273.000000    9     0.5275701267  2.1510042135e+04
  0.034000  0.080000  1273.000000    9     0.5276421588  2.1630256009e+04
  0.036000  0.080000  1273.000000    9     0.5277029072  2.1748341012e+04
  0.038000  0.080000  1273.000000    9     0.5277512136  2.1864240251e+04
  0.000000  0.100000  1273.000000    9     0.5258560300  1.9352842815e+04
  0.002000  0.100000  1273.000000    9     0.5257012674  1.9551158452e+04
  0.004000  0.100000  1273.000000    9     0.5255734227  1.9748755982e+04
  0.006000  0.100000  1273.000000    9     0.5254698898  1.9945488153e+04
  0.008000  0.100000  1273.000000    9     0.5253881205  2.0141210052e+04
  0.010000  0.100000  1273.000000    9     0.5253256222  2.0335779333e+04
  0.012000  0.100000  1273.000000    9     0.5252799563  2.0529056423e+04
  0.014000  0.100000  1273.000000    9     0.5252487360  2.0720904695e+04
  0.016000  0.100000  1273.000000    9     0.5252296246  2.0911190607e+04
  0.018000  0.100000  1273.000000    9     0.5252203337  2.1099783813e+04
  0.020000  0.100000  1273.000000    9     0.5252186213  2.1286557255e+04
  0.022000  0.100000  1273.000000    9     0.5252222903  2.1471387220e+04
  0.024000  0.100000  1273.000000    9     0.5252291869  2.1654153379e+04
  0.026000  0.100000  1273.000000    9     0.5252371987  2.1834738809e+04
  0.028000  0.100000  1273.000000    9     0.5252442534  2.2013029989e+04
  0.030000  0.100000  1273.000000    9     0.5252483178  2.2188916785e+04
  0.032000  0.100000  1273.000000    9     0.5252473958  2.2362292425e+04
  0.034000  0.100000  1273.000000    9     0.5252395279  2.2533053453e+04
  0.036000  0.100000  1273.000000    9     0.5252227896  2.2701099679e+04
  0.038000  0.100000  1273.000000    9     0.5251952910  2.2866334128e+04
  0.000000  0.120000  1273.000000    9     0.5258560300  1.9352842815e+04
  0.002000  0.120000  1273.000000    9     0.5253147583  1.9618692973e+04
  0.004000  0.120000  1273.000000    9     0.5248333792  1.9883951605e+04
  0.006000  0.120000  1273.000000    9     0.5244064346  2.0148390226e+04
  0.008000  0.120000  1273.000000    9     0.5240287034  2.0411783874e+04
  0.010000  0.120000  1273.000000    9     0.5236951877  2.0673911479e+04
  0.012000  0.120000  1273.000000    9     0.5234010989  2.0934556177e+04
  0.014000  0.120000  1273.000000    9     0.5231418454  2.1193505570e+04
  0.016000  0.120000  1273.000000    9     0.5229130206  2.1450551939e+04
  0.018000  0.120000  1273.000000    9     0.5227103920  2.1705492406e+04
  0.020000  0.120000  1273.000000    9     0.5225298909  2.1958129059e+04
  0.022000  0.120000  1273.000000    9     0.5223676025  2.2208269028e+04
  0.024000  0.120000  1273.000000    9     0.5222197571  2.2455724546e+04
  0.026000  0.120000  1273.000000    9     0.5220827213  2.2700312959e+04
  0.028000  0.120000  1273.000000    9     0.5219529909  2.2941856728e+04
  0.030000  0.120000  1273.000000    9     0.5218271830  2.3180183402e+04
  0.032000  0.120000  1273.000000    9     0.5217020298  2.3415125574e+04
  0.034000  0.120000  1273.000000    9     0.5215743721  2.3646520826e+04
  0.036000  0.120000  1273.000000    9     0.5214411544  2.3874211664e+04
  0.038000  0.120000  1273.000000    9     0.5212994191  2.4098045448e+04
  0.000000  0.140000  1273.000000    9     0.5258560300  1.9352842815e+04
  0.002000  0.140000  1273.000000    9     0.5247165643  1.9702520374e+04
  0.004000  0.140000  1273.000000    9     0.5236955075  2.0051564682e+04
  0.006000  0.140000  1273.000000    9     0.5227812270  2.0399626579e+04
  0.008000  0.140000  1273.000000    9     0.5219628979  2.0746363041e+04
  0.010000  0.140000  1273.000000    9     0.5212304297  2.1091437730e+04
  0.012000  0.140000  1273.000000    9     0.5205744014  2.1434521461e+04
  0.014000  0.140000  1273.000000    9     0.5199860018  2.1775292562e+04
  0.016000  0.140000  1273.000000    9     0.5194569770  2.2113437164e+04
  0.018000  0.140000  1273.000000    9     0.5189795825  2.2448649417e+04
  0.020000  0.140000  1273.000000    9     0.5185465399  2.2780631632e+04
  0.022000  0.140000  1273.000000    9     0.5181509982  2.3109094385e+04
  0.024000  0.140000  1273.000000    9     0.5177864985  2.3433756551e+04
  0.026000  0.140000  1273.000000    9     0.5174469425  2.3754345317e+04
  0.028000  0.140000  1273.000000    9     0.5171265637  2.4070596152e+04
  0.030000  0.140000  1273.000000    9     0.5168199016  2.4382252755e+04
  0.032000  0.140000  1273.000000    9     0.5165217790  2.4689066984e+04
  0.034000  0.140000  1273.000000    9     0.5162272803  2.4990798774e+04
  0.036000  0.140000  1273.000000    9     0.5159317337  2.5287216045e+04
  0.038000  0.140000  1273.000000    9     0.5156306939  2.5578094615e+04
  0.000000  0.160000  1273.000000    9     0.5258560300  1.9352842815e+04
  0.002000  0.160000  1273.000000    9     0.5238166440  1.9804961392e+04
  0.004000  0.160000  1273.000000    9     0.5219992640  2.0256031357e+04
  0.006000  0.160000  1273.000000    9     0.5203788719  2.0705529986e+04
  0.008000  0.160000  1273.000000    9     0.5189329496  2.1152946151e+04
  0.010000  0.160000  1273.000000    9     0.5176411660  2.1597781087e+04
  0.012000  0.160000  1273.000000    9     0.5164851087  2.2039549003e+04
  0.014000  0.160000  1273.000000    9     0.5154480547  2.2477777532e+04
  0.016000  0.160000  1273.000000    9     0.5145147716  2.2912008075e+04
  0.018000  0.160000  1273.000000    9     0.5136713469  2.3341796018e+04
  0.020000  0.160000  1273.000000    9     0.5129050392  2.3766710867e+04
  0.022000  0.160000  1273.000000    9     0.5122041498  2.4186336294e+04
  0.024000  0.160000  1273.000000    9     0.5115579103  2.4600270133e+04
  0.026000  0.160000  1273.000000    9     0.5109563840  2.5008124310e+04
  0.028000  0.160000  1273.000000    9     0.5103903815  2.5409524754e+04
  0.030000  0.160000  1273.000000    9     0.5098513847  2.5804111261e+04
  0.032000  0.160000  1273.000000    9     0.5093314821  2.6191537362e+04
  0.034000  0.160000  1273.000000    9     0.5088233109  2.6571470172e+04
  0.036000  0.160000  1273.000000    9     0.5083200074  2.6943590247e+04
  0.038000  0.160000  1273.000000    9     0.5078151626  2.7307591451e+04
  0.000000  0.180000  1273.000000    9     0.5258560300  1.9352842815e+04
  0.002000  0.180000  1273.000000    9     0.5225111067  1.9927884437e+04
  0.004000  0.180000  1273.000000    9     0.5195685582  2.0500770381e+04
  0.006000  0.180000  1273.000000    9     0.5169747872  2.1070738739e+04
  0.008000  0.180000  1273.000000    9     0.5146834254  2.1637049942e+04
  0.010000  0.180000  1273.000000    9     0.5126541402  2.2198987673e+04
  0.012000  0.180000  1273.000000    9     0.5108516684  2.2755859533e+04
  0.014000  0.180000  1273.000000    9     0.5092450295  2.3306997478e+04
  0.016000  0.180000  1273.000000    9     0.5078068802  2.3851758073e+04
  0.018000  0.180000  1273.000000    9     0.5065129820  2.4389522592e+04
  0.020000  0.180000  1273.000000    9     0.5053417587  2.4919696984e+04
  0.022000  0.180000  1273.000000    9     0.5042739287  2.5441711745e+04
  0.024000  0.180000  1273.000000    9     0.5032921952  2.5955021711e+04
  0.026000  0.180000  1273.000000    9     0.5023809874  2.6459105794e+04
  0.028000  0.180000  1273.000000    9     0.5015262405  2.6953466688e+04
  0.030000  0.180000  1273.000000    9     0.5007152102  2.7437630551e+04
  0.032000  0.180000  1273.000000    9     0.4999363147  2.7911146684e+04
  0.034000  0.180000  1273.000000    9     0.4991790008  2.8373587228e+04
  0.036000  0.180000  1273.000000    9     0.4984336294  2.8824546876e+04
  0.038000  0.180000  1273.000000    9     0.4976913774  2.9263642623e+04
  0.000000  0.200000  1273.000000    9     0.5258560300  1.9352842815e+04
  0.002000  0.200000  1273.000000    9     0.5207005625  2.0072481404e+04
  0.004000  0.200000  1273.000000    9     0.5162510326  2.0787716744e+04
  0.006000  0.200000  1273.000000    9     0.5123950236  2.1497475116e+04
  0.008000  0.200000  1273.000000    9     0.5090396748  2.2200724904e+04
  0.010000  0.200000  1273.000000    9     0.5061075854  2.2896477370e+04
  0.012000  0.200000  1273.000000    9     0.5035337053  2.3583787058e+04
  0.014000  0.200000  1273.000000    9     0.5012629455  2.4261751867e+04
  0.016000  0.200000  1273.000000    9     0.4992483222  2.4929512882e+04
  0.018000  0.200000  1273.000000    9     0.4974495003  2.5586253990e+04
  0.020000  0.200000  1273.000000    9     0.4958316398  2.6231201354e+04
  0.022000  0.200000  1273.000000    9     0.4943644751  2.6863622758e+04
  0.024000  0.200000  1273.000000    9     0.4930215738  2.7482826892e+04
  0.026000  0.200000  1273.000000    9     0.4917797367  2.8088162584e+04
  0.028000  0.200000  1273.000000    9     0.4906185084  2.8679018020e+04
  0.030000  0.200000  1273.000000    9     0.4895197767  2.9254819975e+04
  0.032000  0.200000  1273.000000    9     0.4884674420  2.9815033067e+04
  0.034000  0.200000  1273.000000    9     0.4874471450  3.0359159070e+04
  0.036000  0.200000  1273.000000    9     0.4864460394  3.0886736282e+04
  0.038000  0.200000  1273.000000    9     0.4854526040  3.1397338973e+04
  0.000000  0.220000  1273.000000    9     0.5258560300  1.9352842815e+04
  0.002000  0.220000  1273.000000    9     0.5183165414  2.0239170734e+04
  0.004000  0.220000  1273.000000    9     0.5119690939  2.1117125639e+04
  0.006000  0.220000  1273.000000    9     0.5065870171  2.1985255606e+04
  0.008000  0.220000  1273.000000    9     0.5019927002  2.2842184749e+04
  0.010000  0.220000  1273.000000    9     0.4980449789  2.3686613085e+04
  0.012000  0.220000  1273.000000    9     0.4946302213  2.4517315868e+04
  0.014000  0.220000  1273.000000    9     0.4916559054  2.5333142518e+04
  0.016000  0.220000  1273.000000    9     0.4890459148  2.6133015239e+04
  0.018000  0.220000  1273.000000    9     0.4867370370  2.6915927419e+04
  0.020000  0.220000  1273.000000    9     0.4846763239  2.7680941875e+04
  0.022000  0.220000  1273.000000    9     0.4828190749  2.8427189010e+04
  0.024000  0.220000  1273.000000    9     0.4811272806  2.9153864942e+04
  0.026000  0.220000  1273.000000    9     0.4795684088  2.9860229635e+04
  0.028000  0.220000  1273.000000    9     0.4781144486  3.0545605089e+04
  0.030000  0.220000  1273.000000    9     0.4767411526  3.1209373595e+04
  0.032000  0.220000  1273.000000    9     0.4754274311  3.1850976114e+04
  0.034000  0.220000  1273.000000    9     0.4741548651  3.2469910758e+04
  0.036000  0.220000  1273.000000    9     0.4729073122  3.3065731428e+04
  0.038000  0.220000  1273.000000    9     0.4716705863  3.3638046592e+04
  0.000000  0.240000  1273.000000    9     0.5258560300  1.9352842815e+04
  0.002000  0.240000  1273.000000    9     0.5153433520  2.0427654442e+04
  0.004000  0.240000  1273.000000    9     0.5067555019  2.1487701638e+04
  0.006000  0.240000  1273.000000    9     0.4996595772  2.2531116692e+04
  0.008000  0.240000  1273.000000    9     0.4937357331  2.3556162128e+04
  0.010000  0.240000  1273.000000    9     0.4887425290  2.4561227960e+04
  0.012000  0.240000  1273.000000    9     0.4844942816  2.5544828317e+04
  0.014000  0.240000  1273.000000    9     0.4808458365  2.6505597659e+04
  0.016000  0.240000  1273.000000    9     0.4776820724  2.7442286699e+04
  0.018000  0.240000  1273.000000    9     0.4749105066  2.8353758187e+04
  0.020000  0.240000  1273.000000    9     0.4724559858  2.9238982631e+04
  0.022000  0.240000  1273.000000    9     0.4702568067  3.0097034064e+04
  0.024000  0.240000  1273.000000    9     0.4682618391  3.0927085911e+04
  0.026000  0.240000  1273.000000    9     0.4664283631  3.1728407015e+04
  0.028000  0.240000  1273.000000    9     0.4647204227  3.2500357860e+04
  0.030000  0.240000  1273.000000    9     0.4631075593  3.3242387035e+04
  0.032000  0.240000  1273.000000    9     0.4615638272  3.3954027947e+04
  0.034000  0.240000  1273.000000    9     0.4600670230  3.4634895794e+04
  0.036000  0.240000  1273.000000    9     0.4585980760  3.5284684822e+04
  0.038000  0.240000  1273.000000    9     0.4571405640  3.5903165829e+04
  0.000000  0.260000  1273.000000    9     0.5258560300  1.9352842815e+04
  0.002000  0.260000  1273.000000    9     0.5118214367  2.0637092387e+04
  0.004000  0.260000  1273.000000    9     0.5007480104  2.1896974452e+04
  0.006000  0.260000  1273.000000    9     0.4918593022  2.3130229069e+04
  0.008000  0.260000  1273.000000    9     0.4846170531  2.4334806705e+04
  0.010000  0.260000  1273.000000    9     0.4786364001  2.5508859729e+04
  0.012000  0.260000  1273.000000    9     0.4736348929  2.6650733404e+04
  0.014000  0.260000  1273.000000    9     0.4694005749  2.7758956672e+04
  0.016000  0.260000  1273.000000    9     0.4657713034  2.8832232901e+04
  0.018000  0.260000  1273.000000    9     0.4626209481  2.9869430786e+04
  0.020000  0.260000  1273.000000    9     0.4598499436  3.0869575512e+04
  0.022000  0.260000  1273.000000    9     0.4573786744  3.1831840290e+04
  0.024000  0.260000  1273.000000    9     0.4551427519  3.2755538318e+04
  0.026000  0.260000  1273.000000    9     0.4530895824  3.3640115238e+04
  0.028000  0.260000  1273.000000    9     0.4511758349  3.4485142097e+04
  0.030000  0.260000  1273.000000    9     0.4493655467  3.5290308841e+04
  0.032000  0.260000  1273.000000    9     0.4476286881  3.6055418334e+04
  0.034000  0.260000  1273.000000    9     0.4459400633  3.6780380876e+04
  0.036000  0.260000  1273.000000    9     0.4442784607  3.7465209210e+04
  0.038000  0.260000  1273.000000    9     0.4426259889  3.8110013951e+04
  0.000000  0.280000  1273.000000    9     0.5258560300  1.9352842815e+04
  0.002000  0.280000  1273.000000    9     0.5078306586  2.0866322452e+04
  0.004000  0.280000  1273.000000    9     0.4941459062  2.2341770000e+04
  0.006000  0.280000  1273.000000    9     0.4834963193  2.3776659026e+04
  0.008000  0.280000  1273.000000    9     0.4750358894  2.5168782735e+04
  0.010000  0.280000  1273.000000    9     0.4681924073  2.6516234565e+04
  0.012000  0.280000  1273.000000    9     0.4625650967  2.7817388946e+04
  0.014000  0.280000  1273.000000    9     0.4578649781  2.9070882530e+04
  0.016000  0.280000  1273.000000    9     0.4538785117  3.0275596151e+04
  0.018000  0.280000  1273.000000    9     0.4504445693  3.1430637658e+04
  0.020000  0.280000  1273.000000    9     0.4474393662  3.2535325756e+04
  0.022000  0.280000  1273.000000    9     0.4447663218  3.3589174907e+04
  0.024000  0.280000  1273.000000    9     0.4423490685  3.4591881334e+04
  0.026000  0.280000  1273.000000    9     0.4401265276  3.5543310127e+04
  0.028000  0.280000  1273.000000    9     0.4380493744  3.6443483423e+04
  0.030000  0.280000  1273.000000    9     0.4360774594  3.7292569612e+04
  0.032000  0.280000  1273.000000    9     0.4341778973  3.8090873509e+04
  0.034000  0.280000  1273.000000    9     0.4323236329  3.8838827395e+04
  0.036000  0.280000  1273.000000    9     0.4304923503  3.9536982842e+04
  0.038000  0.280000  1273.000000    9     0.4286656347  4.0186003206e+04
  0.000000  0.300000  1273.000000    9     0.5258560300  1.9352842815e+04
  0.002000  0.300000  1273.000000    9     0.5034654811  2.1114062084e+04
  0.004000  0.300000  1273.000000    9     0.4871568396  2.2818640298e+04
  0.006000  0.300000  1273.000000    9     0.4748659545  2.4464060307e+04
  0.008000  0.300000  1273.000000    9     0.4653453400  2.6048260146e+04
  0.010000  0.300000  1273.000000    9     0.4577969505  2.7569595318e+04
  0.012000  0.300000  1273.000000    9     0.4516867524  2.9026802929e+04
  0.014000  0.300000  1273.000000    9     0.4466441034  3.0418967959e+04
  0.016000  0.300000  1273.000000    9     0.4424038990  3.1745491856e+04
  0.018000  0.300000  1273.000000    9     0.4387716887  3.3006063507e+04
  0.020000  0.300000  1273.000000    9     0.4356017876  3.4200632616e+04
  0.022000  0.300000  1273.000000    9     0.4327830708  3.5329385412e+04
  0.024000  0.300000  1273.000000    9     0.4302294821  3.6392722622e+04
  0.026000  0.300000  1273.000000    9     0.4278735314  3.7391239549e+04
  0.028000  0.300000  1273.000000    9     0.4256617396  3.8325708120e+04
  0.030000  0.300000  1273.000000    9     0.4235513859  3.9197060715e+04
  0.032000  0.300000  1273.000000    9     0.4215081427  4.0006375576e+04
  0.034000  0.300000  1273.000000    9     0.4195043304  4.0754863612e+04
  0.036000  0.300000  1273.000000    9     0.4175176082  4.1443856375e+04
  0.038000  0.300000  1273.000000    9     0.4155299812  4.2074795017e+04
  0.000000  0.320000  1273.000000    9     0.5258560300  1.9352842815e+04
  0.002000  0.320000  1273.000000    9     0.4988149011  2.1379055764e+04
  0.004000  0.320000  1273.000000    9     0.4799594319  2.3324177808e+04
  0.006000  0.320000  1273.000000    9     0.4662014165  2.5186179486e+04
  0.008000  0.320000  1273.000000    9     0.4558027286  2.6963635872e+04
  0.010000  0.320000  1273.000000    9     0.4477108320  2.8655661162e+04
  0.012000  0.320000  1273.000000    9     0.4412515761  3.0261848579e+04
  0.014000  0.320000  1273.000000    9     0.4359735954  3.1782215642e+04
  0.016000  0.320000  1273.000000    9     0.4315636723  3.3217154650e+04
  0.018000  0.320000  1273.000000    9     0.4277979812  3.4567388183e+04
  0.020000  0.320000  1273.000000    9     0.4245126455  3.5833929315e+04
  0.022000  0.320000  1273.000000    9     0.4215852410  3.7018046191e+04
  0.024000  0.320000  1273.000000    9     0.4189227796  3.8121230607e+04
  0.026000  0.320000  1273.000000    9     0.4164536728  3.9145170182e+04
  0.028000  0.320000  1273.000000    9     0.4141222220  4.0091723715e+04
  0.030000  0.320000  1273.000000    9     0.4118847536  4.0962899327e+04
  0.032000  0.320000  1273.000000    9     0.4097068552  4.1760834995e+04
  0.034000  0.320000  1273.000000    9     0.4075613622  4.2487781087e+04
  0.036000  0.320000  1273.000000    9     0.4054268657  4.3146084565e+04
  0.038000  0.320000  1273.000000    9     0.4032865899  4.3738174534e+04
  0.000000  0.340000  1273.000000    9     0.5258560300  1.9352842815e+04
  0.002000  0.340000  1273.000000    9     0.4939520505  2.1660160604e+04
  0.004000  0.340000  1273.000000    9     0.4726882822  2.3855199018e+04
  0.006000  0.340000  1273.000000    9     0.4576616407  2.5937152797e+04
  0.008000  0.340000  1273.000000    9     0.4465656089  2.7905957595e+04
  0.010000  0.340000  1273.000000    9     0.4380761415  2.9762186922e+04
  0.012000  0.340000  1273.000000    9     0.4313797339  3.1506960526e+04
  0.014000  0.340000  1273.000000    9     0.4259496883  3.3141863504e+04
  0.016000  0.340000  1273.000000    9     0.4214305761  3.4668875294e+04
  0.018000  0.340000  1273.000000    9     0.4175744171  3.6090307679e+04
  0.020000  0.340000  1273.000000    9     0.4142034510  3.7408750875e+04
  0.022000  0.340000  1273.000000    9     0.4111874206  3.8627026816e+04
  0.024000  0.340000  1273.000000    9     0.4084291729  3.9748148747e+04
  0.026000  0.340000  1273.000000    9     0.4058552322  4.0775286268e+04
  0.028000  0.340000  1273.000000    9     0.4034094515  4.1711735056e+04
  0.030000  0.340000  1273.000000    9     0.4010486302  4.2560890507e+04
  0.032000  0.340000  1273.000000    9     0.3987394194  4.3326224646e+04
  0.034000  0.340000  1273.000000    9     0.3964560937  4.4011265716e+04
  0.036000  0.340000  1273.000000    9     0.3941789133  4.4619579930e+04
  0.038000  0.340000  1273.000000    9     0.3918929009  4.5154754981e+04
  0.000000  0.360000  1273.000000    9     0.5258560300  1.9352842815e+04
  0.002000  0.360000  1273.000000    9     0.4889320030  2.1956377725e+04
  0.004000  0.360000  1273.000000    9     0.4654353281  2.4408815358e+04
  0.006000  0.360000  1273.000000    9     0.4493412590  2.6711626056e+04
  0.008000  0.360000  1273.000000    9     0.4377125178  2.8867098697e+04
  0.010000  0.360000  1273.000000    9     0.4289477917  3.0878192485e+04
  0.012000  0.360000  1273.000000    9     0.4221010602  3.2748409640e+04
  0.014000  0.360000  1273.000000    9     0.4165786106  3.4481686722e+04
  0.016000  0.360000  1273.000000    9     0.4119899585  3.6082302385e+04
  0.018000  0.360000  1273.000000    9     0.4080685964  3.7554799480e+04
  0.020000  0.360000  1273.000000    9     0.4046271840  3.8903919530e+04
  0.022000  0.360000  1273.000000    9     0.4015309026  4.0134547781e+04
  0.024000  0.360000  1273.000000    9     0.3986809286  4.1251667178e+04
  0.026000  0.360000  1273.000000    9     0.3960038110  4.2260319781e+04
  0.028000  0.360000  1273.000000    9     0.3934444276  4.3165574310e+04
  0.030000  0.360000  1273.000000    9     0.3909611866  4.3972498685e+04
  0.032000  0.360000  1273.000000    9     0.3885226748  4.4686136595e+04
  0.034000  0.360000  1273.000000    9     0.3861052655  4.5311487296e+04
  0.036000  0.360000  1273.000000    9     0.3836913734  4.5853487992e+04
  0.038000  0.360000  1273.000000    9     0.3812681573  4.6316998292e+04
  0.000000  0.380000  1273.000000    9     0.5258560300  1.9352842815e+04
  0.002000  0.380000  1273.000000    9     0.4837946559  2.2266841736e+04
  0.004000  0.380000  1273.000000    9     0.4582594929  2.4982419849e+04
  0.006000  0.380000  1273.000000    9     0.4412893001  2.7504745988e+04
  0.008000  0.380000  1273.000000    9     0.4292705403  2.9839756786e+04
  0.010000  0.380000  1273.000000    9     0.4203285161  3.1993963376e+04
  0.012000  0.380000  1273.000000    9     0.4133957468  3.3974291787e+04
  0.014000  0.380000  1273.000000    9     0.4078213491  3.5787952110e+04
  0.016000  0.380000  1273.000000    9     0.4031872581  3.7442332032e+04
  0.018000  0.380000  1273.000000    9     0.3992138833  3.8944910757e+04
  0.020000  0.380000  1273.000000    9     0.3957082394  4.0303189866e+04
  0.022000  0.380000  1273.000000    9     0.3925338028  4.1524638018e+04
  0.024000  0.380000  1273.000000    9     0.3895921687  4.2616646901e+04
  0.026000  0.380000  1273.000000    9     0.3868114474  4.3586496158e+04
  0.028000  0.380000  1273.000000    9     0.3841386723  4.4441325444e+04
  0.030000  0.380000  1273.000000    9     0.3815346846  4.5188112060e+04
  0.032000  0.380000  1273.000000    9     0.3789705938  4.5833652957e+04
  0.034000  0.380000  1273.000000    9     0.3764252696  4.6384550140e+04
  0.036000  0.380000  1273.000000    9     0.3738835241  4.6847198757e+04
  0.038000  0.380000  1273.000000    9     0.3713347671  4.7227777349e+04
