320.0    	2.37204224    	0.00409553    
321.0    	2.36998316    	0.00404639    
322.0    	2.3679447    	0.00399813    
323.0    	2.36592656    	0.00395075    
324.0    	2.36392849    	0.00390421    
325.0    	2.36195021    	0.00385851    
326.0    	2.35999146    	0.00381361    
327.0    	2.35805198    	0.00376951    
328.0    	2.35613151    	0.00372618    
329.0    	2.35422981    	0.00368361    
330.0    	2.35234662    	0.00364    
331.0    	2.35048171    	0.0036    
332.0    	2.34863484    	0.00356    
333.0    	2.34680577    	0.00352    
334.0    	2.34499428    	0.00348    
335.0    	2.34320013    	0.00344    
336.0    	2.3414231    	0.00341    
337.0    	2.33966297    	0.00337    
338.0    	2.33791953    	0.00333    
339.0    	2.33619257    	0.0033    
340.0    	2.33448187    	0.00326    
341.0    	2.33278723    	0.00323    
342.0    	2.33110844    	0.00319    
343.0    	2.32944532    	0.00316    
344.0    	2.32779765    	0.00313    
345.0    	2.32616525    	0.00309    
346.0    	2.32454793    	0.00306    
347.0    	2.32294551    	0.00303    
348.0    	2.32135778    	0.003    
349.0    	2.31978459    	0.00297    
350.0    	2.31822574    	0.00294    
351.0    	2.31668106    	0.00291    
352.0    	2.31515038    	0.00288    
353.0    	2.31363353    	0.00285    
354.0    	2.31213034    	0.00282    
355.0    	2.31064064    	0.0028    
356.0    	2.30916428    	0.00277    
357.0    	2.30770108    	0.00274    
358.0    	2.3062509    	0.00271    
359.0    	2.30481358    	0.00269    
360.0    	2.30338897    	0.00266    
361.0    	2.3019769    	0.00264    
362.0    	2.30057725    	0.00261    
363.0    	2.29918985    	0.00259    
364.0    	2.29781457    	0.00256    
365.0    	2.29645126    	0.00254    
366.0    	2.29509979    	0.00252    
367.0    	2.29376001    	0.00249    
368.0    	2.29243179    	0.00247    
369.0    	2.291115    	0.00245    
370.0    	2.2898095    	0.00243    
371.0    	2.28851516    	0.0024    
372.0    	2.28723186    	0.00238    
373.0    	2.28595947    	0.00236    
374.0    	2.28469786    	0.00234    
375.0    	2.28344691    	0.00232    
376.0    	2.28220651    	0.0023    
377.0    	2.28097652    	0.00228    
378.0    	2.27975684    	0.00226    
379.0    	2.27854735    	0.00224    
380.0    	2.27734793    	0.00222    
381.0    	2.27615848    	0.0022    
382.0    	2.27497887    	0.00218    
383.0    	2.273809    	0.00217    
384.0    	2.27264877    	0.00215    
385.0    	2.27149806    	0.00213    
386.0    	2.27035677    	0.00211    
387.0    	2.26922481    	0.00209    
388.0    	2.26810205    	0.00208    
389.0    	2.26698841    	0.00206    
390.0    	2.26588379    	0.00204    
391.0    	2.26478808    	0.00203    
392.0    	2.2637012    	0.00201    
393.0    	2.26262304    	0.00199    
394.0    	2.26155351    	0.00198    
395.0    	2.26049252    	0.00196    
396.0    	2.25943998    	0.00195    
397.0    	2.2583958    	0.00193    
398.0    	2.25735988    	0.00192    
399.0    	2.25633214    	0.0019    
400.0    	2.2553125    	0.00189    
401.0    	2.25430086    	0.00187    
402.0    	2.25329715    	0.00186    
403.0    	2.25230128    	0.00184    
404.0    	2.25131317    	0.00183    
405.0    	2.25033273    	0.00182    
406.0    	2.24935989    	0.0018    
407.0    	2.24839457    	0.00179    
408.0    	2.24743669    	0.00178    
409.0    	2.24648617    	0.00176    
410.0    	2.24554294    	0.00175    
411.0    	2.24460692    	0.00174    
412.0    	2.24367804    	0.00172    
413.0    	2.24275622    	0.00171    
414.0    	2.2418414    	0.0017    
415.0    	2.2409335    	0.00169    
416.0    	2.24003245    	0.00167    
417.0    	2.23913818    	0.00166    
418.0    	2.23825063    	0.00165    
419.0    	2.23736972    	0.00164    
420.0    	2.23649539    	0.00163    
421.0    	2.23562758    	0.00162    
422.0    	2.23476621    	0.00161    
423.0    	2.23391123    	0.00159    
424.0    	2.23306256    	0.00158    
425.0    	2.23222016    	0.00157    
426.0    	2.23138395    	0.0    
427.0    	2.23055388    	0.0    
428.0    	2.22972988    	0.0    
429.0    	2.2289119    	0.0    
430.0    	2.22809987    	0.0    
431.0    	2.22729374    	0.0    
432.0    	2.22649345    	0.0    
433.0    	2.22569894    	0.0    
434.0    	2.22491017    	0.0    
435.0    	2.22412706    	0.0    
436.0    	2.22334957    	0.0    
437.0    	2.22257765    	0.0    
438.0    	2.22181123    	0.0    
439.0    	2.22105027    	0.0    
440.0    	2.22029472    	0.0    
441.0    	2.21954452    	0.0    
442.0    	2.21879963    	0.0    
443.0    	2.21805998    	0.0    
444.0    	2.21732554    	0.0    
445.0    	2.21659626    	0.0    
446.0    	2.21587207    	0.0    
447.0    	2.21515295    	0.0    
448.0    	2.21443884    	0.0    
449.0    	2.21372969    	0.0    
450.0    	2.21302545    	0.0    
451.0    	2.21232609    	0.0    
452.0    	2.21163156    	0.0    
453.0    	2.2109418    	0.0    
454.0    	2.21025678    	0.0    
455.0    	2.20957646    	0.0    
456.0    	2.20890079    	0.0    
457.0    	2.20822972    	0.0    
458.0    	2.20756323    	0.0    
459.0    	2.20690125    	0.0    
460.0    	2.20624376    	0.0    
461.0    	2.20559071    	0.0    
462.0    	2.20494206    	0.0    
463.0    	2.20429778    	0.0    
464.0    	2.20365782    	0.0    
465.0    	2.20302214    	0.0    
466.0    	2.20239071    	0.0    
467.0    	2.20176349    	0.0    
468.0    	2.20114043    	0.0    
469.0    	2.20052151    	0.0    
470.0    	2.19990669    	0.0    
471.0    	2.19929592    	0.0    
472.0    	2.19868918    	0.0    
473.0    	2.19808643    	0.0    
474.0    	2.19748763    	0.0    
475.0    	2.19689275    	0.0    
476.0    	2.19630175    	0.0    
477.0    	2.19571461    	0.0    
478.0    	2.19513128    	0.0    
479.0    	2.19455173    	0.0    
480.0    	2.19397594    	0.0    
481.0    	2.19340386    	0.0    
482.0    	2.19283547    	0.0    
483.0    	2.19227073    	0.0    
484.0    	2.19170961    	0.0    
485.0    	2.19115209    	0.0    
486.0    	2.19059812    	0.0    
487.0    	2.19004769    	0.0    
488.0    	2.18950076    	0.0    
489.0    	2.18895729    	0.0    
490.0    	2.18841727    	0.0    
491.0    	2.18788066    	0.0    
492.0    	2.18734743    	0.0    
493.0    	2.18681755    	0.0    
494.0    	2.186291    	0.0    
495.0    	2.18576775    	0.0    
496.0    	2.18524777    	0.0    
497.0    	2.18473103    	0.0    
498.0    	2.18421751    	0.0    
499.0    	2.18370717    	0.0    
500.0    	2.1832    	0.0    
501.0    	2.18269596    	0.0    
502.0    	2.18219504    	0.0    
503.0    	2.1816972    	0.0    
504.0    	2.18120241    	0.0    
505.0    	2.18071066    	0.0    
506.0    	2.18022192    	0.0    
507.0    	2.17973617    	0.0    
508.0    	2.17925337    	0.0    
509.0    	2.17877351    	0.0    
510.0    	2.17829656    	0.0    
511.0    	2.1778225    	0.0    
512.0    	2.1773513    	0.0    
513.0    	2.17688295    	0.0    
514.0    	2.17641741    	0.0    
515.0    	2.17595467    	0.0    
516.0    	2.1754947    	0.0    
517.0    	2.17503748    	0.0    
518.0    	2.17458299    	0.0    
519.0    	2.17413121    	0.0    
520.0    	2.17368212    	0.0    
521.0    	2.17323569    	0.0    
522.0    	2.1727919    	0.0    
523.0    	2.17235073    	0.0    
524.0    	2.17191217    	0.0    
525.0    	2.17147619    	0.0    
526.0    	2.17104276    	0.0    
527.0    	2.17061188    	0.0    
528.0    	2.17018352    	0.0    
529.0    	2.16975765    	0.0    
530.0    	2.16933427    	0.0    
531.0    	2.16891335    	0.0    
532.0    	2.16849488    	0.0    
533.0    	2.16807882    	0.0    
534.0    	2.16766517    	0.0    
535.0    	2.16725391    	0.0    
536.0    	2.16684502    	0.0    
537.0    	2.16643847    	0.0    
538.0    	2.16603426    	0.0    
539.0    	2.16563236    	0.0    
540.0    	2.16523275    	0.0    
541.0    	2.16483543    	0.0    
542.0    	2.16444036    	0.0    
543.0    	2.16404754    	0.0    
544.0    	2.16365695    	0.0    
545.0    	2.16326856    	0.0    
546.0    	2.16288237    	0.0    
547.0    	2.16249835    	0.0    
548.0    	2.16211649    	0.0    
549.0    	2.16173678    	0.0    
550.0    	2.1613592    	0.0    
551.0    	2.16098372    	0.0    
552.0    	2.16061035    	0.0    
553.0    	2.16023905    	0.0    
554.0    	2.15986981    	0.0    
555.0    	2.15950263    	0.0    
556.0    	2.15913748    	0.0    
557.0    	2.15877435    	0.0    
558.0    	2.15841322    	0.0    
559.0    	2.15805409    	0.0    
560.0    	2.15769692    	0.0    
561.0    	2.15734172    	0.0    
562.0    	2.15698846    	0.0    
563.0    	2.15663714    	0.0    
564.0    	2.15628773    	0.0    
565.0    	2.15594022    	0.0    
566.0    	2.15559461    	0.0    
567.0    	2.15525086    	0.0    
568.0    	2.15490899    	0.0    
569.0    	2.15456896    	0.0    
570.0    	2.15423076    	0.0    
571.0    	2.15389439    	0.0    
572.0    	2.15355982    	0.0    
573.0    	2.15322705    	0.0    
574.0    	2.15289607    	0.0    
575.0    	2.15256685    	0.0    
576.0    	2.15223939    	0.0    
577.0    	2.15191368    	0.0    
578.0    	2.1515897    	0.0    
579.0    	2.15126743    	0.0    
580.0    	2.15094688    	0.0    
581.0    	2.15062802    	0.0    
582.0    	2.15031085    	0.0    
583.0    	2.14999534    	0.0    
584.0    	2.1496815    	0.0    
585.0    	2.14936931    	0.0    
586.0    	2.14905875    	0.0    
587.0    	2.14874982    	0.0    
588.0    	2.1484425    	0.0    
589.0    	2.14813678    	0.0    
590.0    	2.14783266    	0.0    
591.0    	2.14753011    	0.0    
592.0    	2.14722914    	0.0    
593.0    	2.14692972    	0.0    
594.0    	2.14663185    	0.0    
595.0    	2.14633552    	0.0    
596.0    	2.14604071    	0.0    
597.0    	2.14574742    	0.0    
598.0    	2.14545564    	0.0    
599.0    	2.14516535    	0.0    
600.0    	2.14487654    	0.0    
601.0    	2.14458921    	0.0    
602.0    	2.14430335    	0.0    
603.0    	2.14401894    	0.0    
604.0    	2.14373597    	0.0    
605.0    	2.14345444    	0.0    
606.0    	2.14317433    	0.0    
607.0    	2.14289564    	0.0    
608.0    	2.14261836    	0.0    
609.0    	2.14234247    	0.0    
610.0    	2.14206797    	0.0    
611.0    	2.14179484    	0.0    
612.0    	2.14152309    	0.0    
613.0    	2.14125269    	0.0    
614.0    	2.14098364    	0.0    
615.0    	2.14071594    	0.0    
616.0    	2.14044957    	0.0    
617.0    	2.14018452    	0.0    
618.0    	2.13992078    	0.0    
619.0    	2.13965835    	0.0    
620.0    	2.13939722    	0.0    
621.0    	2.13913738    	0.0    
622.0    	2.13887881    	0.0    
623.0    	2.13862152    	0.0    
624.0    	2.13836549    	0.0    
625.0    	2.13811072    	0.0    
626.0    	2.13785719    	0.0    
627.0    	2.13760491    	0.0    
628.0    	2.13735385    	0.0    
629.0    	2.13710401    	0.0    
630.0    	2.13685539    	0.0    
631.0    	2.13660798    	0.0    
632.0    	2.13636176    	0.0    
633.0    	2.13611674    	0.0    
634.0    	2.1358729    	0.0    
635.0    	2.13563023    	0.0    
636.0    	2.13538874    	0.0    
637.0    	2.1351484    	0.0    
638.0    	2.13490922    	0.0    
639.0    	2.13467118    	0.0    
640.0    	2.13443428    	0.0    
641.0    	2.13419851    	0.0    
642.0    	2.13396387    	0.0    
643.0    	2.13373034    	0.0    
644.0    	2.13349792    	0.0    
645.0    	2.13326661    	0.0    
646.0    	2.13303639    	0.0    
647.0    	2.13280726    	0.0    
648.0    	2.13257921    	0.0    
649.0    	2.13235223    	0.0    
650.0    	2.13212633    	0.0    
651.0    	2.13190148    	0.0    
652.0    	2.13167769    	0.0    
653.0    	2.13145495    	0.0    
654.0    	2.13123325    	0.0    
655.0    	2.13101258    	0.0    
656.0    	2.13079295    	0.0    
657.0    	2.13057433    	0.0    
658.0    	2.13035673    	0.0    
659.0    	2.13014014    	0.0    
660.0    	2.12992456    	0.0    
661.0    	2.12970997    	0.0    
662.0    	2.12949637    	0.0    
663.0    	2.12928376    	0.0    
664.0    	2.12907212    	0.0    
665.0    	2.12886146    	0.0    
666.0    	2.12865176    	0.0    
667.0    	2.12844303    	0.0    
668.0    	2.12823525    	0.0    
669.0    	2.12802842    	0.0    
670.0    	2.12782253    	0.0    
671.0    	2.12761758    	0.0    
672.0    	2.12741356    	0.0    
673.0    	2.12721047    	0.0    
674.0    	2.1270083    	0.0    
675.0    	2.12680704    	0.0    
676.0    	2.12660669    	0.0    
677.0    	2.12640725    	0.0    
678.0    	2.1262087    	0.0    
679.0    	2.12601105    	0.0    
680.0    	2.12581429    	0.0    
681.0    	2.1256184    	0.0    
682.0    	2.1254234    	0.0    
683.0    	2.12522927    	0.0    
684.0    	2.125036    	0.0    
685.0    	2.12484359    	0.0    
686.0    	2.12465204    	0.0    
687.0    	2.12446135    	0.0    
688.0    	2.12427149    	0.0    
689.0    	2.12408248    	0.0    
690.0    	2.12389431    	0.0    
691.0    	2.12370696    	0.0    
692.0    	2.12352045    	0.0    
693.0    	2.12333475    	0.0    
694.0    	2.12314987    	0.0    
695.0    	2.1229658    	0.0    
696.0    	2.12278254    	0.0    
697.0    	2.12260008    	0.0    
698.0    	2.12241842    	0.0    
699.0    	2.12223756    	0.0    
700.0    	2.12205748    	0.0    
701.0    	2.12187818    	0.0    
702.0    	2.12169966    	0.0    
703.0    	2.12152192    	0.0    
704.0    	2.12134495    	0.0    
705.0    	2.12116874    	0.0    
706.0    	2.1209933    	0.0    
707.0    	2.12081861    	0.0    
708.0    	2.12064467    	0.0    
709.0    	2.12047149    	0.0    
710.0    	2.12029904    	0.0    
711.0    	2.12012734    	0.0    
712.0    	2.11995637    	0.0    
713.0    	2.11978613    	0.0    
714.0    	2.11961662    	0.0    
715.0    	2.11944783    	0.0    
716.0    	2.11927976    	0.0    
717.0    	2.11911241    	0.0    
718.0    	2.11894576    	0.0    
719.0    	2.11877982    	0.0    
720.0    	2.11861459    	0.0    
721.0    	2.11845005    	0.0    
722.0    	2.11828621    	0.0    
723.0    	2.11812306    	0.0    
724.0    	2.11796059    	0.0    
725.0    	2.11779881    	0.0    
726.0    	2.11763771    	0.0    
727.0    	2.11747728    	0.0    
728.0    	2.11731752    	0.0    
729.0    	2.11715843    	0.0    
730.0    	2.11700001    	0.0    
731.0    	2.11684224    	0.0    
732.0    	2.11668514    	0.0    
733.0    	2.11652868    	0.0    
734.0    	2.11637288    	0.0    
735.0    	2.11621772    	0.0    
736.0    	2.1160632    	0.0    
737.0    	2.11590932    	0.0    
738.0    	2.11575608    	0.0    
739.0    	2.11560346    	0.0    
740.0    	2.11545148    	0.0    
741.0    	2.11530012    	0.0    
742.0    	2.11514938    	0.0    
743.0    	2.11499926    	0.0    
744.0    	2.11484975    	0.0    
745.0    	2.11470086    	0.0    
746.0    	2.11455257    	0.0    
747.0    	2.11440489    	0.0    
748.0    	2.11425781    	0.0    
749.0    	2.11411132    	0.0    
750.0    	2.11396543    	0.0    
751.0    	2.11382013    	0.0    
752.0    	2.11367542    	0.0    
753.0    	2.1135313    	0.0    
754.0    	2.11338776    	0.0    
755.0    	2.11324479    	0.0    
756.0    	2.1131024    	0.0    
757.0    	2.11296059    	0.0    
758.0    	2.11281934    	0.0    
759.0    	2.11267866    	0.0    
760.0    	2.11253854    	0.0    
761.0    	2.11239898    	0.0    
762.0    	2.11225998    	0.0    
763.0    	2.11212154    	0.0    
764.0    	2.11198364    	0.0    
765.0    	2.1118463    	0.0    
766.0    	2.1117095    	0.0    
767.0    	2.11157324    	0.0    
768.0    	2.11143752    	0.0    
769.0    	2.11130234    	0.0    
770.0    	2.11116769    	0.0    
771.0    	2.11103358    	0.0    
772.0    	2.11089999    	0.0    
773.0    	2.11076693    	0.0    
774.0    	2.11063439    	0.0    
775.0    	2.11050237    	0.0    
776.0    	2.11037087    	0.0    
777.0    	2.11023988    	0.0    
778.0    	2.11010941    	0.0    
779.0    	2.10997944    	0.0    
780.0    	2.10984999    	0.0    
781.0    	2.10972103    	0.0    
782.0    	2.10959258    	0.0    
783.0    	2.10946462    	0.0    
784.0    	2.10933717    	0.0    
785.0    	2.1092102    	0.0    
786.0    	2.10908373    	0.0    
787.0    	2.10895774    	0.0    
788.0    	2.10883225    	0.0    
789.0    	2.10870723    	0.0    
790.0    	2.1085827    	0.0    
791.0    	2.10845864    	0.0    
792.0    	2.10833506    	0.0    
793.0    	2.10821196    	0.0    
794.0    	2.10808932    	0.0    
795.0    	2.10796716    	0.0    
796.0    	2.10784546    	0.0    
797.0    	2.10772422    	0.0    
798.0    	2.10760345    	0.0    
799.0    	2.10748314    	0.0    
800.0    	2.10736328    	0.0    
801.0    	2.10724388    	0.0    
802.0    	2.10712493    	0.0    
803.0    	2.10700643    	0.0    
804.0    	2.10688838    	0.0    
805.0    	2.10677077    	0.0    
806.0    	2.10665361    	0.0    
807.0    	2.10653689    	0.0    
808.0    	2.10642061    	0.0    
809.0    	2.10630476    	0.0    
810.0    	2.10618935    	0.0    
811.0    	2.10607437    	0.0    
812.0    	2.10595982    	0.0    
813.0    	2.1058457    	0.0    
814.0    	2.105732    	0.0    
815.0    	2.10561873    	0.0    
816.0    	2.10550588    	0.0    
817.0    	2.10539345    	0.0    
818.0    	2.10528144    	0.0    
819.0    	2.10516984    	0.0    
820.0    	2.10505866    	0.0    
821.0    	2.10494789    	0.0    
822.0    	2.10483752    	0.0    
823.0    	2.10472757    	0.0    
824.0    	2.10461801    	0.0    
825.0    	2.10450887    	0.0    
826.0    	2.10440012    	0.0    
827.0    	2.10429177    	0.0    
828.0    	2.10418382    	0.0    
829.0    	2.10407627    	0.0    
830.0    	2.10396911    	0.0    
831.0    	2.10386234    	0.0    
832.0    	2.10375596    	0.0    
833.0    	2.10364996    	0.0    
834.0    	2.10354436    	0.0    
835.0    	2.10343914    	0.0    
836.0    	2.1033343    	0.0    
837.0    	2.10322983    	0.0    
838.0    	2.10312575    	0.0    
839.0    	2.10302205    	0.0    
840.0    	2.10291872    	0.0    
841.0    	2.10281576    	0.0    
842.0    	2.10271317    	0.0    
843.0    	2.10261096    	0.0    
844.0    	2.10250911    	0.0    
845.0    	2.10240762    	0.0    
846.0    	2.1023065    	0.0    
847.0    	2.10220574    	0.0    
848.0    	2.10210535    	0.0    
849.0    	2.10200531    	0.0    
850.0    	2.10190563    	0.0    
851.0    	2.1018063    	0.0    
852.0    	2.10170733    	0.0    
853.0    	2.10160871    	0.0    
854.0    	2.10151044    	0.0    
855.0    	2.10141252    	0.0    
856.0    	2.10131495    	0.0    
857.0    	2.10121772    	0.0    
858.0    	2.10112084    	0.0    
859.0    	2.10102429    	0.0    
860.0    	2.10092809    	0.0    
861.0    	2.10083223    	0.0    
862.0    	2.1007367    	0.0    
863.0    	2.10064151    	0.0    
864.0    	2.10054666    	0.0    
865.0    	2.10045214    	0.0    
866.0    	2.10035794    	0.0    
867.0    	2.10026408    	0.0    
868.0    	2.10017055    	0.0    
869.0    	2.10007734    	0.0    
870.0    	2.09998446    	0.0    
871.0    	2.0998919    	0.0    
872.0    	2.09979966    	0.0    
873.0    	2.09970774    	0.0    
874.0    	2.09961615    	0.0    
875.0    	2.09952486    	0.0    
876.0    	2.0994339    	0.0    
877.0    	2.09934325    	0.0    
878.0    	2.09925291    	0.0    
879.0    	2.09916289    	0.0    
880.0    	2.09907317    	0.0    
881.0    	2.09898377    	0.0    
882.0    	2.09889467    	0.0    
883.0    	2.09880587    	0.0    
884.0    	2.09871738    	0.0    
885.0    	2.0986292    	0.0    
886.0    	2.09854132    	0.0    
887.0    	2.09845373    	0.0    
888.0    	2.09836645    	0.0    
889.0    	2.09827946    	0.0    
890.0    	2.09819277    	0.0    
891.0    	2.09810637    	0.0    
892.0    	2.09802027    	0.0    
893.0    	2.09793446    	0.0    
894.0    	2.09784894    	0.0    
895.0    	2.09776372    	0.0    
896.0    	2.09767877    	0.0    
897.0    	2.09759412    	0.0    
898.0    	2.09750975    	0.0    
899.0    	2.09742567    	0.0    
900.0    	2.09734187    	0.0    
901.0    	2.09725835    	0.0    
902.0    	2.09717511    	0.0    
903.0    	2.09709215    	0.0    
904.0    	2.09700947    	0.0    
905.0    	2.09692707    	0.0    
906.0    	2.09684494    	0.0    
907.0    	2.09676309    	0.0    
908.0    	2.09668151    	0.0    
909.0    	2.0966002    	0.0    
910.0    	2.09651916    	0.0    
911.0    	2.09643839    	0.0    
912.0    	2.09635789    	0.0    
913.0    	2.09627766    	0.0    
914.0    	2.09619769    	0.0    
915.0    	2.09611799    	0.0    
916.0    	2.09603855    	0.0    
917.0    	2.09595938    	0.0    
918.0    	2.09588046    	0.0    
919.0    	2.09580181    	0.0    
920.0    	2.09572341    	0.0    
921.0    	2.09564527    	0.0    
922.0    	2.09556739    	0.0    
923.0    	2.09548977    	0.0    
924.0    	2.0954124    	0.0    
925.0    	2.09533528    	0.0    
926.0    	2.09525841    	0.0    
927.0    	2.0951818    	0.0    
928.0    	2.09510543    	0.0    
929.0    	2.09502932    	0.0    
930.0    	2.09495345    	0.0    
931.0    	2.09487783    	0.0    
932.0    	2.09480246    	0.0    
933.0    	2.09472733    	0.0    
934.0    	2.09465244    	0.0    
935.0    	2.0945778    	0.0    
936.0    	2.09450339    	0.0    
937.0    	2.09442923    	0.0    
938.0    	2.09435531    	0.0    
939.0    	2.09428163    	0.0    
940.0    	2.09420818    	0.0    
941.0    	2.09413497    	0.0    
942.0    	2.09406199    	0.0    
943.0    	2.09398925    	0.0    
944.0    	2.09391675    	0.0    
945.0    	2.09384447    	0.0    
946.0    	2.09377243    	0.0    
947.0    	2.09370061    	0.0    
948.0    	2.09362903    	0.0    
949.0    	2.09355767    	0.0    
950.0    	2.09348654    	0.0    
951.0    	2.09341564    	0.0    
952.0    	2.09334497    	0.0    
953.0    	2.09327451    	0.0    
954.0    	2.09320429    	0.0    
955.0    	2.09313428    	0.0    
956.0    	2.0930645    	0.0    
957.0    	2.09299493    	0.0    
958.0    	2.09292559    	0.0    
959.0    	2.09285647    	0.0    
960.0    	2.09278756    	0.0    
961.0    	2.09271887    	0.0    
962.0    	2.0926504    	0.0    
963.0    	2.09258214    	0.0    
964.0    	2.09251409    	0.0    
965.0    	2.09244626    	0.0    
966.0    	2.09237864    	0.0    
967.0    	2.09231124    	0.0    
968.0    	2.09224404    	0.0    
969.0    	2.09217706    	0.0    
970.0    	2.09211028    	0.0    
971.0    	2.09204371    	0.0    
972.0    	2.09197735    	0.0    
973.0    	2.09191119    	0.0    
974.0    	2.09184525    	0.0    
975.0    	2.0917795    	0.0    
976.0    	2.09171396    	0.0    
977.0    	2.09164862    	0.0    
978.0    	2.09158349    	0.0    
979.0    	2.09151855    	0.0    
980.0    	2.09145382    	0.0    
981.0    	2.09138928    	0.0    
982.0    	2.09132495    	0.0    
983.0    	2.09126081    	0.0    
984.0    	2.09119687    	0.0    
985.0    	2.09113313    	0.0    
986.0    	2.09106958    	0.0    
987.0    	2.09100622    	0.0    
988.0    	2.09094307    	0.0    
989.0    	2.0908801    	0.0    
990.0    	2.09081733    	0.0    
991.0    	2.09075474    	0.0    
992.0    	2.09069235    	0.0    
993.0    	2.09063015    	0.0    
994.0    	2.09056814    	0.0    
995.0    	2.09050632    	0.0    
996.0    	2.09044468    	0.0    
997.0    	2.09038323    	0.0    
998.0    	2.09032197    	0.0    
999.0    	2.09026089    	0.0    
1000.0    	2.0902    	0.0    
1001.0    	2.09013929    	0.0    
1002.0    	2.09007877    	0.0    
1003.0    	2.09001842    	0.0    
1004.0    	2.08995826    	0.0    
1005.0    	2.08989828    	0.0    
1006.0    	2.08983849    	0.0    
1007.0    	2.08977887    	0.0    
1008.0    	2.08971943    	0.0    
1009.0    	2.08966016    	0.0    
1010.0    	2.08960108    	0.0    
1011.0    	2.08954217    	0.0    
1012.0    	2.08948344    	0.0    
1013.0    	2.08942488    	0.0    
1014.0    	2.0893665    	0.0    
1015.0    	2.08930829    	0.0    
1016.0    	2.08925025    	0.0    
1017.0    	2.08919239    	0.0    
1018.0    	2.0891347    	0.0    
1019.0    	2.08907718    	0.0    
1020.0    	2.08901983    	0.0    
1021.0    	2.08896265    	0.0    
1022.0    	2.08890564    	0.0    
1023.0    	2.0888488    	0.0    
1024.0    	2.08879213    	0.0    
1025.0    	2.08873562    	0.0    
1026.0    	2.08867928    	0.0    
1027.0    	2.08862311    	0.0    
1028.0    	2.0885671    	0.0    
1029.0    	2.08851126    	0.0    
1030.0    	2.08845557    	0.0    
1031.0    	2.08840006    	0.0    
1032.0    	2.0883447    	0.0    
1033.0    	2.08828951    	0.0    
1034.0    	2.08823448    	0.0    
1035.0    	2.08817961    	0.0    
1036.0    	2.0881249    	0.0    
1037.0    	2.08807035    	0.0    
1038.0    	2.08801596    	0.0    
1039.0    	2.08796172    	0.0    
1040.0    	2.08790765    	0.0    
1041.0    	2.08785373    	0.0    
1042.0    	2.08779997    	0.0    
1043.0    	2.08774636    	0.0    
1044.0    	2.08769291    	0.0    
1045.0    	2.08763961    	0.0    
1046.0    	2.08758647    	0.0    
1047.0    	2.08753348    	0.0    
1048.0    	2.08748064    	0.0    
1049.0    	2.08742796    	0.0    
1050.0    	2.08737542    	0.0    
1051.0    	2.08732304    	0.0    
1052.0    	2.08727081    	0.0    
1053.0    	2.08721873    	0.0    
1054.0    	2.0871668    	0.0    
1055.0    	2.08711502    	0.0    
1056.0    	2.08706338    	0.0    
1057.0    	2.08701189    	0.0    
1058.0    	2.08696055    	0.0    
1059.0    	2.08690936    	0.0    
1060.0    	2.08685831    	0.0    
1061.0    	2.08680741    	0.0    
1062.0    	2.08675665    	0.0    
1063.0    	2.08670604    	0.0    
1064.0    	2.08665557    	0.0    
1065.0    	2.08660524    	0.0    
1066.0    	2.08655506    	0.0    
1067.0    	2.08650502    	0.0    
1068.0    	2.08645512    	0.0    
1069.0    	2.08640536    	0.0    
1070.0    	2.08635574    	0.0    
1071.0    	2.08630626    	0.0    
1072.0    	2.08625692    	0.0    
1073.0    	2.08620772    	0.0    
1074.0    	2.08615866    	0.0    
1075.0    	2.08610974    	0.0    
1076.0    	2.08606095    	0.0    
1077.0    	2.0860123    	0.0    
1078.0    	2.08596379    	0.0    
1079.0    	2.08591541    	0.0    
1080.0    	2.08586717    	0.0    
1081.0    	2.08581906    	0.0    
1082.0    	2.08577109    	0.0    
1083.0    	2.08572325    	0.0    
1084.0    	2.08567555    	0.0    
1085.0    	2.08562797    	0.0    
1086.0    	2.08558053    	0.0    
1087.0    	2.08553322    	0.0    
1088.0    	2.08548605    	0.0    
1089.0    	2.085439    	0.0    
1090.0    	2.08539208    	0.0    
1091.0    	2.0853453    	0.0    
1092.0    	2.08529864    	0.0    
1093.0    	2.08525211    	0.0    
1094.0    	2.08520572    	0.0    
1095.0    	2.08515944    	0.0    
1096.0    	2.0851133    	0.0    
1097.0    	2.08506728    	0.0    
1098.0    	2.08502139    	0.0    
1099.0    	2.08497563    	0.0    
1100.0    	2.08492999    	0.0    
1101.0    	2.08488448    	0.0    
1102.0    	2.08483909    	0.0    
1103.0    	2.08479383    	0.0    
1104.0    	2.08474869    	0.0    
1105.0    	2.08470367    	0.0    
1106.0    	2.08465877    	0.0    
1107.0    	2.084614    	0.0    
1108.0    	2.08456935    	0.0    
1109.0    	2.08452483    	0.0    
1110.0    	2.08448042    	0.0    
1111.0    	2.08443613    	0.0    
1112.0    	2.08439197    	0.0    
1113.0    	2.08434792    	0.0    
1114.0    	2.084304    	0.0    
1115.0    	2.08426019    	0.0    
1116.0    	2.0842165    	0.0    
1117.0    	2.08417293    	0.0    
1118.0    	2.08412947    	0.0    
1119.0    	2.08408614    	0.0    
1120.0    	2.08404292    	0.0    
1121.0    	2.08399982    	0.0    
1122.0    	2.08395683    	0.0    
1123.0    	2.08391396    	0.0    
1124.0    	2.0838712    	0.0    
1125.0    	2.08382856    	0.0    
1126.0    	2.08378604    	0.0    
1127.0    	2.08374362    	0.0    
1128.0    	2.08370132    	0.0    
1129.0    	2.08365914    	0.0    
1130.0    	2.08361706    	0.0    
1131.0    	2.0835751    	0.0    
1132.0    	2.08353325    	0.0    
1133.0    	2.08349152    	0.0    
1134.0    	2.08344989    	0.0    
1135.0    	2.08340837    	0.0    
1136.0    	2.08336697    	0.0    
1137.0    	2.08332567    	0.0    
1138.0    	2.08328449    	0.0    
1139.0    	2.08324341    	0.0    
1140.0    	2.08320244    	0.0    
1141.0    	2.08316158    	0.0    
1142.0    	2.08312083    	0.0    
1143.0    	2.08308019    	0.0    
1144.0    	2.08303965    	0.0    
1145.0    	2.08299922    	0.0    
1146.0    	2.0829589    	0.0    
1147.0    	2.08291868    	0.0    
1148.0    	2.08287857    	0.0    
1149.0    	2.08283856    	0.0    
1150.0    	2.08279866    	0.0    
1151.0    	2.08275886    	0.0    
1152.0    	2.08271917    	0.0    
1153.0    	2.08267958    	0.0    
1154.0    	2.0826401    	0.0    
1155.0    	2.08260072    	0.0    
1156.0    	2.08256144    	0.0    
1157.0    	2.08252226    	0.0    
1158.0    	2.08248319    	0.0    
1159.0    	2.08244422    	0.0    
1160.0    	2.08240535    	0.0    
1161.0    	2.08236658    	0.0    
1162.0    	2.08232791    	0.0    
1163.0    	2.08228934    	0.0    
1164.0    	2.08225087    	0.0    
1165.0    	2.0822125    	0.0    
1166.0    	2.08217423    	0.0    
1167.0    	2.08213606    	0.0    
1168.0    	2.08209799    	0.0    
1169.0    	2.08206001    	0.0    
1170.0    	2.08202214    	0.0    
1171.0    	2.08198436    	0.0    
1172.0    	2.08194668    	0.0    
1173.0    	2.08190909    	0.0    
1174.0    	2.08187161    	0.0    
1175.0    	2.08183421    	0.0    
1176.0    	2.08179692    	0.0    
1177.0    	2.08175972    	0.0    
1178.0    	2.08172261    	0.0    
1179.0    	2.08168561    	0.0    
1180.0    	2.08164869    	0.0    
1181.0    	2.08161187    	0.0    
1182.0    	2.08157514    	0.0    
1183.0    	2.08153851    	0.0    
1184.0    	2.08150197    	0.0    
1185.0    	2.08146553    	0.0    
1186.0    	2.08142917    	0.0    
1187.0    	2.08139291    	0.0    
1188.0    	2.08135674    	0.0    
1189.0    	2.08132066    	0.0    
1190.0    	2.08128468    	0.0    
1191.0    	2.08124878    	0.0    
1192.0    	2.08121298    	0.0    
1193.0    	2.08117727    	0.0    
1194.0    	2.08114164    	0.0    
1195.0    	2.08110611    	0.0    
1196.0    	2.08107067    	0.0    
1197.0    	2.08103531    	0.0    
1198.0    	2.08100005    	0.0    
1199.0    	2.08096487    	0.0    
1200.0    	2.08092978    	0.0    
1201.0    	2.08089478    	0.0    
1202.0    	2.08085987    	0.0    
1203.0    	2.08082505    	0.0    
1204.0    	2.08079031    	0.0    
1205.0    	2.08075566    	0.0    
1206.0    	2.0807211    	0.0    
1207.0    	2.08068662    	0.0    
1208.0    	2.08065223    	0.0    
1209.0    	2.08061792    	0.0    
1210.0    	2.08058371    	0.0    
1211.0    	2.08054957    	0.0    
1212.0    	2.08051552    	0.0    
1213.0    	2.08048156    	0.0    
1214.0    	2.08044768    	0.0    
1215.0    	2.08041388    	0.0    
1216.0    	2.08038017    	0.0    
1217.0    	2.08034654    	0.0    
1218.0    	2.08031299    	0.0    
1219.0    	2.08027953    	0.0    
1220.0    	2.08024615    	0.0    
1221.0    	2.08021285    	0.0    
1222.0    	2.08017964    	0.0    
1223.0    	2.08014651    	0.0    
1224.0    	2.08011346    	0.0    
1225.0    	2.08008048    	0.0    
1226.0    	2.0800476    	0.0    
1227.0    	2.08001479    	0.0    
1228.0    	2.07998206    	0.0    
1229.0    	2.07994941    	0.0    
1230.0    	2.07991685    	0.0    
1231.0    	2.07988436    	0.0    
1232.0    	2.07985195    	0.0    
1233.0    	2.07981962    	0.0    
1234.0    	2.07978737    	0.0    
1235.0    	2.0797552    	0.0    
1236.0    	2.07972311    	0.0    
1237.0    	2.0796911    	0.0    
1238.0    	2.07965916    	0.0    
1239.0    	2.0796273    	0.0    
1240.0    	2.07959552    	0.0    
1241.0    	2.07956382    	0.0    
1242.0    	2.07953219    	0.0    
1243.0    	2.07950064    	0.0    
1244.0    	2.07946917    	0.0    
1245.0    	2.07943777    	0.0    
1246.0    	2.07940645    	0.0    
1247.0    	2.0793752    	0.0    
1248.0    	2.07934403    	0.0    
1249.0    	2.07931294    	0.0    
1250.0    	2.07928192    	0.0    
1251.0    	2.07925098    	0.0    
1252.0    	2.0792201    	0.0    
1253.0    	2.07918931    	0.0    
1254.0    	2.07915859    	0.0    
1255.0    	2.07912794    	0.0    
1256.0    	2.07909736    	0.0    
1257.0    	2.07906686    	0.0    
1258.0    	2.07903644    	0.0    
1259.0    	2.07900608    	0.0    
1260.0    	2.0789758    	0.0    
1261.0    	2.07894559    	0.0    
1262.0    	2.07891545    	0.0    
1263.0    	2.07888538    	0.0    
1264.0    	2.07885539    	0.0    
1265.0    	2.07882547    	0.0    
1266.0    	2.07879562    	0.0    
1267.0    	2.07876583    	0.0    
1268.0    	2.07873613    	0.0    
1269.0    	2.07870649    	0.0    
1270.0    	2.07867692    	0.0    
1271.0    	2.07864742    	0.0    
1272.0    	2.07861799    	0.0    
1273.0    	2.07858863    	0.0    
1274.0    	2.07855934    	0.0    
1275.0    	2.07853012    	0.0    
1276.0    	2.07850097    	0.0    
1277.0    	2.07847189    	0.0    
1278.0    	2.07844288    	0.0    
1279.0    	2.07841393    	0.0    
1280.0    	2.07838505    	0.0    
1281.0    	2.07835624    	0.0    
1282.0    	2.0783275    	0.0    
1283.0    	2.07829883    	0.0    
1284.0    	2.07827022    	0.0    
1285.0    	2.07824168    	0.0    
1286.0    	2.07821321    	0.0    
1287.0    	2.0781848    	0.0    
1288.0    	2.07815646    	0.0    
1289.0    	2.07812819    	0.0    
1290.0    	2.07809999    	0.0    
1291.0    	2.07807184    	0.0    
1292.0    	2.07804377    	0.0    
1293.0    	2.07801576    	0.0    
1294.0    	2.07798781    	0.0    
1295.0    	2.07795993    	0.0    
1296.0    	2.07793212    	0.0    
1297.0    	2.07790437    	0.0    
1298.0    	2.07787668    	0.0    
1299.0    	2.07784906    	0.0    
1300.0    	2.0778215    	0.0    
1301.0    	2.07779401    	0.0    
1302.0    	2.07776658    	0.0    
1303.0    	2.07773922    	0.0    
1304.0    	2.07771191    	0.0    
1305.0    	2.07768467    	0.0    
1306.0    	2.07765749    	0.0    
1307.0    	2.07763038    	0.0    
1308.0    	2.07760333    	0.0    
1309.0    	2.07757634    	0.0    
1310.0    	2.07754941    	0.0    
1311.0    	2.07752254    	0.0    
1312.0    	2.07749574    	0.0    
1313.0    	2.077469    	0.0    
1314.0    	2.07744232    	0.0    
1315.0    	2.0774157    	0.0    
1316.0    	2.07738914    	0.0    
1317.0    	2.07736264    	0.0    
1318.0    	2.0773362    	0.0    
1319.0    	2.07730982    	0.0    
1320.0    	2.07728351    	0.0    
1321.0    	2.07725725    	0.0    
1322.0    	2.07723105    	0.0    
1323.0    	2.07720492    	0.0    
1324.0    	2.07717884    	0.0    
1325.0    	2.07715282    	0.0    
1326.0    	2.07712686    	0.0    
1327.0    	2.07710096    	0.0    
1328.0    	2.07707512    	0.0    
1329.0    	2.07704934    	0.0    
1330.0    	2.07702361    	0.0    
1331.0    	2.07699794    	0.0    
1332.0    	2.07697234    	0.0    
1333.0    	2.07694679    	0.0    
1334.0    	2.07692129    	0.0    
1335.0    	2.07689586    	0.0    
1336.0    	2.07687048    	0.0    
1337.0    	2.07684516    	0.0    
1338.0    	2.0768199    	0.0    
1339.0    	2.07679469    	0.0    
1340.0    	2.07676954    	0.0    
1341.0    	2.07674445    	0.0    
1342.0    	2.07671941    	0.0    
1343.0    	2.07669443    	0.0    
1344.0    	2.0766695    	0.0    
1345.0    	2.07664463    	0.0    
1346.0    	2.07661982    	0.0    
1347.0    	2.07659506    	0.0    
1348.0    	2.07657036    	0.0    
1349.0    	2.07654571    	0.0    
1350.0    	2.07652112    	0.0    
1351.0    	2.07649658    	0.0    
1352.0    	2.0764721    	0.0    
1353.0    	2.07644767    	0.0    
1354.0    	2.0764233    	0.0    
1355.0    	2.07639898    	0.0    
1356.0    	2.07637471    	0.0    
1357.0    	2.0763505    	0.0    
1358.0    	2.07632634    	0.0    
1359.0    	2.07630224    	0.0    
1360.0    	2.07627819    	0.0    
1361.0    	2.07625419    	0.0    
1362.0    	2.07623024    	0.0    
1363.0    	2.07620635    	0.0    
1364.0    	2.07618251    	0.0    
1365.0    	2.07615873    	0.0    
1366.0    	2.07613499    	0.0    
1367.0    	2.07611131    	0.0    
1368.0    	2.07608768    	0.0    
1369.0    	2.0760641    	0.0    
1370.0    	2.07604058    	0.0    
1371.0    	2.0760171    	0.0    
1372.0    	2.07599368    	0.0    
1373.0    	2.07597031    	0.0    
1374.0    	2.07594699    	0.0    
1375.0    	2.07592372    	0.0    
1376.0    	2.0759005    	0.0    
1377.0    	2.07587734    	0.0    
1378.0    	2.07585422    	0.0    
1379.0    	2.07583115    	0.0    
1380.0    	2.07580814    	0.0    
1381.0    	2.07578517    	0.0    
1382.0    	2.07576226    	0.0    
1383.0    	2.07573939    	0.0    
1384.0    	2.07571658    	0.0    
1385.0    	2.07569381    	0.0    
1386.0    	2.0756711    	0.0    
1387.0    	2.07564843    	0.0    
1388.0    	2.07562581    	0.0    
1389.0    	2.07560324    	0.0    
1390.0    	2.07558072    	0.0    
1391.0    	2.07555825    	0.0    
1392.0    	2.07553583    	0.0    
1393.0    	2.07551346    	0.0    
1394.0    	2.07549113    	0.0    
1395.0    	2.07546885    	0.0    
1396.0    	2.07544662    	0.0    
1397.0    	2.07542444    	0.0    
1398.0    	2.07540231    	0.0    
1399.0    	2.07538022    	0.0    
1400.0    	2.07535818    	0.0    
1401.0    	2.07533619    	0.0    
1402.0    	2.07531425    	0.0    
1403.0    	2.07529235    	0.0    
1404.0    	2.0752705    	0.0    
1405.0    	2.0752487    	0.0    
1406.0    	2.07522694    	0.0    
1407.0    	2.07520523    	0.0    
1408.0    	2.07518357    	0.0    
1409.0    	2.07516196    	0.0    
1410.0    	2.07514038    	0.0    
1411.0    	2.07511886    	0.0    
1412.0    	2.07509738    	0.0    
1413.0    	2.07507595    	0.0    
1414.0    	2.07505456    	0.0    
1415.0    	2.07503322    	0.0    
1416.0    	2.07501192    	0.0    
1417.0    	2.07499067    	0.0    
1418.0    	2.07496947    	0.0    
1419.0    	2.07494831    	0.0    
1420.0    	2.07492719    	0.0    
1421.0    	2.07490612    	0.0    
1422.0    	2.07488509    	0.0    
1423.0    	2.07486411    	0.0    
1424.0    	2.07484317    	0.0    
1425.0    	2.07482228    	0.0    
1426.0    	2.07480143    	0.0    
1427.0    	2.07478063    	0.0    
1428.0    	2.07475986    	0.0    
1429.0    	2.07473915    	0.0    
1430.0    	2.07471847    	0.0    
1431.0    	2.07469784    	0.0    
1432.0    	2.07467725    	0.0    
1433.0    	2.07465671    	0.0    
1434.0    	2.07463621    	0.0    
1435.0    	2.07461575    	0.0    
1436.0    	2.07459534    	0.0    
1437.0    	2.07457497    	0.0    
1438.0    	2.07455464    	0.0    
1439.0    	2.07453435    	0.0    
1440.0    	2.07451411    	0.0    
1441.0    	2.0744939    	0.0    
1442.0    	2.07447374    	0.0    
1443.0    	2.07445363    	0.0    
1444.0    	2.07443355    	0.0    
1445.0    	2.07441352    	0.0    
1446.0    	2.07439353    	0.0    
1447.0    	2.07437357    	0.0    
1448.0    	2.07435367    	0.0    
1449.0    	2.0743338    	0.0    
1450.0    	2.07431397    	0.0    
1451.0    	2.07429419    	0.0    
1452.0    	2.07427444    	0.0    
1453.0    	2.07425474    	0.0    
1454.0    	2.07423508    	0.0    
1455.0    	2.07421545    	0.0    
1456.0    	2.07419587    	0.0    
1457.0    	2.07417633    	0.0    
1458.0    	2.07415683    	0.0    
1459.0    	2.07413737    	0.0    
1460.0    	2.07411795    	0.0    
1461.0    	2.07409857    	0.0    
1462.0    	2.07407923    	0.0    
1463.0    	2.07405993    	0.0    
1464.0    	2.07404067    	0.0    
1465.0    	2.07402145    	0.0    
1466.0    	2.07400227    	0.0    
1467.0    	2.07398313    	0.0    
1468.0    	2.07396402    	0.0    
1469.0    	2.07394496    	0.0    
1470.0    	2.07392594    	0.0    
1471.0    	2.07390695    	0.0    
1472.0    	2.073888    	0.0    
1473.0    	2.07386909    	0.0    
1474.0    	2.07385023    	0.0    
1475.0    	2.07383139    	0.0    
1476.0    	2.0738126    	0.0    
1477.0    	2.07379385    	0.0    
1478.0    	2.07377513    	0.0    
1479.0    	2.07375645    	0.0    
1480.0    	2.07373781    	0.0    
1481.0    	2.07371921    	0.0    
1482.0    	2.07370065    	0.0    
1483.0    	2.07368212    	0.0    
1484.0    	2.07366363    	0.0    
1485.0    	2.07364518    	0.0    
1486.0    	2.07362677    	0.0    
1487.0    	2.07360839    	0.0    
1488.0    	2.07359005    	0.0    
1489.0    	2.07357175    	0.0    
1490.0    	2.07355348    	0.0    
1491.0    	2.07353525    	0.0    
1492.0    	2.07351706    	0.0    
1493.0    	2.07349891    	0.0    
1494.0    	2.07348079    	0.0    
1495.0    	2.07346271    	0.0    
1496.0    	2.07344466    	0.0    
1497.0    	2.07342665    	0.0    
1498.0    	2.07340868    	0.0    
1499.0    	2.07339074    	0.0    
1500.0    	2.07337284    	0.0    
1501.0    	2.07335497    	0.0    
1502.0    	2.07333714    	0.0    
1503.0    	2.07331935    	0.0    
1504.0    	2.07330159    	0.0    
1505.0    	2.07328387    	0.0    
1506.0    	2.07326618    	0.0    
1507.0    	2.07324853    	0.0    
1508.0    	2.07323092    	0.0    
1509.0    	2.07321333    	0.0    
1510.0    	2.07319579    	0.0    
1511.0    	2.07317828    	0.0    
1512.0    	2.0731608    	0.0    
1513.0    	2.07314336    	0.0    
1514.0    	2.07312595    	0.0    
1515.0    	2.07310858    	0.0    
1516.0    	2.07309124    	0.0    
1517.0    	2.07307394    	0.0    
1518.0    	2.07305667    	0.0    
1519.0    	2.07303943    	0.0    
1520.0    	2.07302223    	0.0    
1521.0    	2.07300507    	0.0    
1522.0    	2.07298793    	0.0    
1523.0    	2.07297083    	0.0    
1524.0    	2.07295377    	0.0    
1525.0    	2.07293674    	0.0    
1526.0    	2.07291974    	0.0    
1527.0    	2.07290277    	0.0    
1528.0    	2.07288584    	0.0    
1529.0    	2.07286895    	0.0    
1530.0    	2.07285208    	0.0    
1531.0    	2.07283525    	0.0    
1532.0    	2.07281845    	0.0    
1533.0    	2.07280169    	0.0    
1534.0    	2.07278495    	0.0    
1535.0    	2.07276825    	0.0    
1536.0    	2.07275159    	0.0    
1537.0    	2.07273495    	0.0    
1538.0    	2.07271835    	0.0    
1539.0    	2.07270178    	0.0    
1540.0    	2.07268525    	0.0    
1541.0    	2.07266874    	0.0    
1542.0    	2.07265227    	0.0    
1543.0    	2.07263583    	0.0    
1544.0    	2.07261942    	0.0    
1545.0    	2.07260305    	0.0    
1546.0    	2.0725867    	0.0    
1547.0    	2.07257039    	0.0    
1548.0    	2.07255411    	0.0    
1549.0    	2.07253786    	0.0    
1550.0    	2.07252164    	0.0    
1551.0    	2.07250546    	0.0    
1552.0    	2.0724893    	0.0    
1553.0    	2.07247318    	0.0    
1554.0    	2.07245709    	0.0    
1555.0    	2.07244103    	0.0    
1556.0    	2.072425    	0.0    
1557.0    	2.072409    	0.0    
1558.0    	2.07239303    	0.0    
1559.0    	2.07237709    	0.0    
1560.0    	2.07236119    	0.0    
1561.0    	2.07234531    	0.0    
1562.0    	2.07232947    	0.0    
1563.0    	2.07231365    	0.0    
1564.0    	2.07229787    	0.0    
1565.0    	2.07228211    	0.0    
1566.0    	2.07226639    	0.0    
1567.0    	2.0722507    	0.0    
1568.0    	2.07223503    	0.0    
1569.0    	2.0722194    	0.0    
1570.0    	2.0722038    	0.0    
1571.0    	2.07218822    	0.0    
1572.0    	2.07217268    	0.0    
1573.0    	2.07215717    	0.0    
1574.0    	2.07214168    	0.0    
1575.0    	2.07212623    	0.0    
1576.0    	2.0721108    	0.0    
1577.0    	2.07209541    	0.0    
1578.0    	2.07208004    	0.0    
1579.0    	2.0720647    	0.0    
1580.0    	2.0720494    	0.0    
1581.0    	2.07203412    	0.0    
1582.0    	2.07201887    	0.0    
1583.0    	2.07200365    	0.0    
1584.0    	2.07198846    	0.0    
1585.0    	2.07197329    	0.0    
1586.0    	2.07195816    	0.0    
1587.0    	2.07194306    	0.0    
1588.0    	2.07192798    	0.0    
1589.0    	2.07191293    	0.0    
1590.0    	2.07189791    	0.0    
1591.0    	2.07188292    	0.0    
1592.0    	2.07186796    	0.0    
1593.0    	2.07185302    	0.0    
1594.0    	2.07183812    	0.0    
1595.0    	2.07182324    	0.0    
1596.0    	2.07180839    	0.0    
1597.0    	2.07179357    	0.0    
1598.0    	2.07177877    	0.0    
1599.0    	2.07176401    	0.0    
1600.0    	2.07174927    	0.0    
1601.0    	2.07173456    	0.0    
1602.0    	2.07171987    	0.0    
1603.0    	2.07170522    	0.0    
1604.0    	2.07169059    	0.0    
1605.0    	2.07167599    	0.0    
1606.0    	2.07166142    	0.0    
1607.0    	2.07164687    	0.0    
1608.0    	2.07163235    	0.0    
1609.0    	2.07161786    	0.0    
1610.0    	2.07160339    	0.0    
1611.0    	2.07158896    	0.0    
1612.0    	2.07157455    	0.0    
1613.0    	2.07156016    	0.0    
1614.0    	2.0715458    	0.0    
1615.0    	2.07153147    	0.0    
1616.0    	2.07151717    	0.0    
1617.0    	2.07150289    	0.0    
1618.0    	2.07148864    	0.0    
1619.0    	2.07147442    	0.0    
1620.0    	2.07146022    	0.0    
1621.0    	2.07144605    	0.0    
1622.0    	2.07143191    	0.0    
1623.0    	2.07141779    	0.0    
1624.0    	2.0714037    	0.0    
1625.0    	2.07138963    	0.0    
1626.0    	2.07137559    	0.0    
1627.0    	2.07136157    	0.0    
1628.0    	2.07134759    	0.0    
1629.0    	2.07133362    	0.0    
1630.0    	2.07131969    	0.0    
1631.0    	2.07130578    	0.0    
1632.0    	2.07129189    	0.0    
1633.0    	2.07127803    	0.0    
1634.0    	2.0712642    	0.0    
1635.0    	2.07125039    	0.0    
1636.0    	2.0712366    	0.0    
1637.0    	2.07122285    	0.0    
1638.0    	2.07120911    	0.0    
1639.0    	2.0711954    	0.0    
1640.0    	2.07118172    	0.0    
1641.0    	2.07116806    	0.0    
1642.0    	2.07115443    	0.0    
1643.0    	2.07114083    	0.0    
1644.0    	2.07112724    	0.0    
1645.0    	2.07111368    	0.0    
1646.0    	2.07110015    	0.0    
1647.0    	2.07108664    	0.0    
1648.0    	2.07107316    	0.0    
1649.0    	2.0710597    	0.0    
1650.0    	2.07104627    	0.0    
1651.0    	2.07103286    	0.0    
1652.0    	2.07101947    	0.0    
1653.0    	2.07100611    	0.0    
1654.0    	2.07099277    	0.0    
1655.0    	2.07097946    	0.0    
1656.0    	2.07096617    	0.0    
1657.0    	2.07095291    	0.0    
1658.0    	2.07093967    	0.0    
1659.0    	2.07092645    	0.0    
1660.0    	2.07091326    	0.0    
1661.0    	2.07090009    	0.0    
1662.0    	2.07088695    	0.0    
1663.0    	2.07087383    	0.0    
1664.0    	2.07086073    	0.0    
1665.0    	2.07084766    	0.0    
1666.0    	2.07083461    	0.0    
1667.0    	2.07082158    	0.0    
1668.0    	2.07080858    	0.0    
1669.0    	2.0707956    	0.0    
1670.0    	2.07078264    	0.0    
1671.0    	2.07076971    	0.0    
1672.0    	2.0707568    	0.0    
1673.0    	2.07074392    	0.0    
1674.0    	2.07073105    	0.0    
1675.0    	2.07071821    	0.0    
1676.0    	2.0707054    	0.0    
1677.0    	2.0706926    	0.0    
1678.0    	2.07067983    	0.0    
1679.0    	2.07066708    	0.0    
1680.0    	2.07065436    	0.0    
1681.0    	2.07064166    	0.0    
1682.0    	2.07062898    	0.0    
1683.0    	2.07061632    	0.0    
1684.0    	2.07060369    	0.0    
1685.0    	2.07059107    	0.0    
1686.0    	2.07057848    	0.0    
1687.0    	2.07056592    	0.0    
1688.0    	2.07055337    	0.0    
1689.0    	2.07054085    	0.0    
1690.0    	2.07052835    	0.0    
1691.0    	2.07051587    	0.0    
1692.0    	2.07050342    	0.0    
1693.0    	2.07049099    	0.0    
1694.0    	2.07047857    	0.0    
1695.0    	2.07046619    	0.0    
1696.0    	2.07045382    	0.0    
1697.0    	2.07044147    	0.0    
1698.0    	2.07042915    	0.0    
1699.0    	2.07041685    	0.0    
1700.0    	2.07040457    	0.0    
1701.0    	2.07039231    	0.0    
1702.0    	2.07038007    	0.0    
1703.0    	2.07036786    	0.0    
1704.0    	2.07035567    	0.0    
1705.0    	2.0703435    	0.0    
1706.0    	2.07033134    	0.0    
1707.0    	2.07031922    	0.0    
1708.0    	2.07030711    	0.0    
1709.0    	2.07029502    	0.0    
1710.0    	2.07028296    	0.0    
1711.0    	2.07027091    	0.0    
1712.0    	2.07025889    	0.0    
1713.0    	2.07024689    	0.0    
1714.0    	2.07023491    	0.0    
1715.0    	2.07022295    	0.0    
1716.0    	2.07021101    	0.0    
1717.0    	2.0701991    	0.0    
1718.0    	2.0701872    	0.0    
1719.0    	2.07017532    	0.0    
1720.0    	2.07016347    	0.0    
1721.0    	2.07015163    	0.0    
1722.0    	2.07013982    	0.0    
1723.0    	2.07012803    	0.0    
1724.0    	2.07011626    	0.0    
1725.0    	2.0701045    	0.0    
1726.0    	2.07009277    	0.0    
1727.0    	2.07008106    	0.0    
1728.0    	2.07006937    	0.0    
1729.0    	2.0700577    	0.0    
1730.0    	2.07004605    	0.0    
1731.0    	2.07003442    	0.0    
1732.0    	2.07002281    	0.0    
1733.0    	2.07001122    	0.0    
1734.0    	2.06999965    	0.0    
1735.0    	2.0699881    	0.0    
1736.0    	2.06997657    	0.0    
1737.0    	2.06996507    	0.0    
1738.0    	2.06995358    	0.0    
1739.0    	2.06994211    	0.0    
1740.0    	2.06993066    	0.0    
1741.0    	2.06991923    	0.0    
1742.0    	2.06990782    	0.0    
1743.0    	2.06989643    	0.0    
1744.0    	2.06988506    	0.0    
1745.0    	2.06987371    	0.0    
1746.0    	2.06986237    	0.0    
1747.0    	2.06985106    	0.0    
1748.0    	2.06983977    	0.0    
1749.0    	2.0698285    	0.0    
1750.0    	2.06981724    	0.0    
1751.0    	2.06980601    	0.0    
1752.0    	2.06979479    	0.0    
1753.0    	2.0697836    	0.0    
1754.0    	2.06977242    	0.0    
1755.0    	2.06976126    	0.0    
1756.0    	2.06975012    	0.0    
1757.0    	2.06973901    	0.0    
1758.0    	2.06972791    	0.0    
1759.0    	2.06971682    	0.0    
1760.0    	2.06970576    	0.0    
1761.0    	2.06969472    	0.0    
1762.0    	2.06968369    	0.0    
1763.0    	2.06967269    	0.0    
1764.0    	2.0696617    	0.0    
1765.0    	2.06965073    	0.0    
1766.0    	2.06963978    	0.0    
1767.0    	2.06962885    	0.0    
1768.0    	2.06961794    	0.0    
1769.0    	2.06960704    	0.0    
1770.0    	2.06959617    	0.0    
1771.0    	2.06958531    	0.0    
1772.0    	2.06957447    	0.0    
1773.0    	2.06956365    	0.0    
1774.0    	2.06955285    	0.0    
1775.0    	2.06954207    	0.0    
1776.0    	2.0695313    	0.0    
1777.0    	2.06952056    	0.0    
1778.0    	2.06950983    	0.0    
1779.0    	2.06949912    	0.0    
1780.0    	2.06948842    	0.0    
1781.0    	2.06947775    	0.0    
1782.0    	2.06946709    	0.0    
1783.0    	2.06945645    	0.0    
1784.0    	2.06944583    	0.0    
1785.0    	2.06943523    	0.0    
1786.0    	2.06942465    	0.0    
1787.0    	2.06941408    	0.0    
1788.0    	2.06940353    	0.0    
1789.0    	2.069393    	0.0    
1790.0    	2.06938248    	0.0    
1791.0    	2.06937199    	0.0    
1792.0    	2.06936151    	0.0    
1793.0    	2.06935105    	0.0    
1794.0    	2.06934061    	0.0    
1795.0    	2.06933018    	0.0    
1796.0    	2.06931977    	0.0    
1797.0    	2.06930938    	0.0    
1798.0    	2.06929901    	0.0    
1799.0    	2.06928865    	0.0    
1800.0    	2.06927831    	0.0    
1801.0    	2.06926799    	0.0    
1802.0    	2.06925768    	0.0    
1803.0    	2.0692474    	0.0    
1804.0    	2.06923713    	0.0    
1805.0    	2.06922687    	0.0    
1806.0    	2.06921664    	0.0    
1807.0    	2.06920642    	0.0    
1808.0    	2.06919622    	0.0    
1809.0    	2.06918603    	0.0    
1810.0    	2.06917586    	0.0    
1811.0    	2.06916571    	0.0    
1812.0    	2.06915558    	0.0    
1813.0    	2.06914546    	0.0    
1814.0    	2.06913536    	0.0    
1815.0    	2.06912528    	0.0    
1816.0    	2.06911521    	0.0    
1817.0    	2.06910516    	0.0    
1818.0    	2.06909512    	0.0    
1819.0    	2.06908511    	0.0    
1820.0    	2.06907511    	0.0    
1821.0    	2.06906512    	0.0    
1822.0    	2.06905515    	0.0    
1823.0    	2.0690452    	0.0    
1824.0    	2.06903527    	0.0    
1825.0    	2.06902535    	0.0    
1826.0    	2.06901545    	0.0    
1827.0    	2.06900556    	0.0    
1828.0    	2.06899569    	0.0    
1829.0    	2.06898584    	0.0    
1830.0    	2.068976    	0.0    
1831.0    	2.06896618    	0.0    
1832.0    	2.06895637    	0.0    
1833.0    	2.06894658    	0.0    
1834.0    	2.06893681    	0.0    
1835.0    	2.06892705    	0.0    
1836.0    	2.06891731    	0.0    
1837.0    	2.06890759    	0.0    
1838.0    	2.06889788    	0.0    
1839.0    	2.06888818    	0.0    
1840.0    	2.06887851    	0.0    
1841.0    	2.06886885    	0.0    
1842.0    	2.0688592    	0.0    
1843.0    	2.06884957    	0.0    
1844.0    	2.06883996    	0.0    
1845.0    	2.06883036    	0.0    
1846.0    	2.06882077    	0.0    
1847.0    	2.06881121    	0.0    
1848.0    	2.06880165    	0.0    
1849.0    	2.06879212    	0.0    
1850.0    	2.0687826    	0.0    
1851.0    	2.06877309    	0.0    
1852.0    	2.0687636    	0.0    
1853.0    	2.06875413    	0.0    
1854.0    	2.06874467    	0.0    
1855.0    	2.06873522    	0.0    
1856.0    	2.06872579    	0.0    
1857.0    	2.06871638    	0.0    
1858.0    	2.06870698    	0.0    
1859.0    	2.0686976    	0.0    
1860.0    	2.06868823    	0.0    
1861.0    	2.06867888    	0.0    
1862.0    	2.06866954    	0.0    
1863.0    	2.06866022    	0.0    
1864.0    	2.06865091    	0.0    
1865.0    	2.06864162    	0.0    
1866.0    	2.06863234    	0.0    
1867.0    	2.06862308    	0.0    
1868.0    	2.06861383    	0.0    
1869.0    	2.0686046    	0.0    
1870.0    	2.06859538    	0.0    
1871.0    	2.06858618    	0.0    
1872.0    	2.06857699    	0.0    
1873.0    	2.06856782    	0.0    
1874.0    	2.06855866    	0.0    
1875.0    	2.06854952    	0.0    
1876.0    	2.06854039    	0.0    
1877.0    	2.06853127    	0.0    
1878.0    	2.06852217    	0.0    
1879.0    	2.06851308    	0.0    
1880.0    	2.06850401    	0.0    
1881.0    	2.06849496    	0.0    
1882.0    	2.06848592    	0.0    
1883.0    	2.06847689    	0.0    
1884.0    	2.06846787    	0.0    
1885.0    	2.06845888    	0.0    
1886.0    	2.06844989    	0.0    
1887.0    	2.06844092    	0.0    
1888.0    	2.06843196    	0.0    
1889.0    	2.06842302    	0.0    
1890.0    	2.0684141    	0.0    
1891.0    	2.06840518    	0.0    
1892.0    	2.06839628    	0.0    
1893.0    	2.0683874    	0.0    
1894.0    	2.06837853    	0.0    
1895.0    	2.06836967    	0.0    
1896.0    	2.06836083    	0.0    
1897.0    	2.068352    	0.0    
1898.0    	2.06834318    	0.0    
1899.0    	2.06833438    	0.0    
1900.0    	2.0683256    	0.0    
1901.0    	2.06831682    	0.0    
1902.0    	2.06830806    	0.0    
1903.0    	2.06829932    	0.0    
1904.0    	2.06829059    	0.0    
1905.0    	2.06828187    	0.0    
1906.0    	2.06827317    	0.0    
1907.0    	2.06826448    	0.0    
1908.0    	2.0682558    	0.0    
1909.0    	2.06824714    	0.0    
1910.0    	2.06823849    	0.0    
1911.0    	2.06822985    	0.0    
1912.0    	2.06822123    	0.0    
1913.0    	2.06821262    	0.0    
1914.0    	2.06820403    	0.0    
1915.0    	2.06819544    	0.0    
1916.0    	2.06818688    	0.0    
1917.0    	2.06817832    	0.0    
1918.0    	2.06816978    	0.0    
1919.0    	2.06816125    	0.0    
1920.0    	2.06815274    	0.0    
1921.0    	2.06814424    	0.0    
1922.0    	2.06813575    	0.0    
1923.0    	2.06812727    	0.0    
1924.0    	2.06811881    	0.0    
1925.0    	2.06811037    	0.0    
1926.0    	2.06810193    	0.0    
1927.0    	2.06809351    	0.0    
1928.0    	2.0680851    	0.0    
1929.0    	2.0680767    	0.0    
1930.0    	2.06806832    	0.0    
1931.0    	2.06805995    	0.0    
1932.0    	2.0680516    	0.0    
1933.0    	2.06804325    	0.0    
1934.0    	2.06803492    	0.0    
1935.0    	2.06802661    	0.0    
1936.0    	2.0680183    	0.0    
1937.0    	2.06801001    	0.0    
1938.0    	2.06800173    	0.0    
1939.0    	2.06799346    	0.0    
1940.0    	2.06798521    	0.0    
1941.0    	2.06797697    	0.0    
1942.0    	2.06796874    	0.0    
1943.0    	2.06796053    	0.0    
1944.0    	2.06795233    	0.0    
1945.0    	2.06794414    	0.0    
1946.0    	2.06793596    	0.0    
1947.0    	2.0679278    	0.0    
1948.0    	2.06791964    	0.0    
1949.0    	2.06791151    	0.0    
1950.0    	2.06790338    	0.0    
1951.0    	2.06789526    	0.0    
1952.0    	2.06788716    	0.0    
1953.0    	2.06787907    	0.0    
1954.0    	2.067871    	0.0    
1955.0    	2.06786293    	0.0    
1956.0    	2.06785488    	0.0    
1957.0    	2.06784684    	0.0    
1958.0    	2.06783882    	0.0    
1959.0    	2.0678308    	0.0    
1960.0    	2.0678228    	0.0    
1961.0    	2.06781481    	0.0    
1962.0    	2.06780683    	0.0    
1963.0    	2.06779886    	0.0    
1964.0    	2.06779091    	0.0    
1965.0    	2.06778297    	0.0    
1966.0    	2.06777504    	0.0    
1967.0    	2.06776712    	0.0    
1968.0    	2.06775922    	0.0    
1969.0    	2.06775133    	0.0    
1970.0    	2.06774344    	0.0    
1971.0    	2.06773558    	0.0    
1972.0    	2.06772772    	0.0    
1973.0    	2.06771987    	0.0    
1974.0    	2.06771204    	0.0    
1975.0    	2.06770422    	0.0    
1976.0    	2.06769641    	0.0    
1977.0    	2.06768861    	0.0    
1978.0    	2.06768083    	0.0    
1979.0    	2.06767305    	0.0    
1980.0    	2.06766529    	0.0    
1981.0    	2.06765754    	0.0    
1982.0    	2.0676498    	0.0    
1983.0    	2.06764208    	0.0    
1984.0    	2.06763436    	0.0    
1985.0    	2.06762666    	0.0    
1986.0    	2.06761897    	0.0    
1987.0    	2.06761129    	0.0    
1988.0    	2.06760362    	0.0    
1989.0    	2.06759596    	0.0    
1990.0    	2.06758832    	0.0    
1991.0    	2.06758069    	0.0    
1992.0    	2.06757306    	0.0    
1993.0    	2.06756545    	0.0    
1994.0    	2.06755785    	0.0    
1995.0    	2.06755027    	0.0    
1996.0    	2.06754269    	0.0    
1997.0    	2.06753513    	0.0    
1998.0    	2.06752757    	0.0    
1999.0    	2.06752003    	0.0    
2000.0    	2.0675125    	0.0    
2001.0    	2.06750498    	0.0    
2002.0    	2.06749747    	0.0    
2003.0    	2.06748998    	0.0    
2004.0    	2.06748249    	0.0    
2005.0    	2.06747502    	0.0    
2006.0    	2.06746755    	0.0    
2007.0    	2.0674601    	0.0    
2008.0    	2.06745266    	0.0    
2009.0    	2.06744523    	0.0    
2010.0    	2.06743781    	0.0    
2011.0    	2.0674304    	0.0    
2012.0    	2.06742301    	0.0    
2013.0    	2.06741562    	0.0    
2014.0    	2.06740825    	0.0    
2015.0    	2.06740089    	0.0    
2016.0    	2.06739353    	0.0    
2017.0    	2.06738619    	0.0    
2018.0    	2.06737886    	0.0    
2019.0    	2.06737154    	0.0    
2020.0    	2.06736423    	0.0    
2021.0    	2.06735693    	0.0    
2022.0    	2.06734965    	0.0    
2023.0    	2.06734237    	0.0    
2024.0    	2.06733511    	0.0    
2025.0    	2.06732785    	0.0    
2026.0    	2.06732061    	0.0    
2027.0    	2.06731338    	0.0    
2028.0    	2.06730615    	0.0    
2029.0    	2.06729894    	0.0    
2030.0    	2.06729174    	0.0    
2031.0    	2.06728455    	0.0    
2032.0    	2.06727737    	0.0    
2033.0    	2.0672702    	0.0    
2034.0    	2.06726304    	0.0    
2035.0    	2.0672559    	0.0    
2036.0    	2.06724876    	0.0    
2037.0    	2.06724163    	0.0    
2038.0    	2.06723451    	0.0    
2039.0    	2.06722741    	0.0    
2040.0    	2.06722031    	0.0    
2041.0    	2.06721323    	0.0    
2042.0    	2.06720615    	0.0    
2043.0    	2.06719909    	0.0    
2044.0    	2.06719204    	0.0    
2045.0    	2.06718499    	0.0    
2046.0    	2.06717796    	0.0    
2047.0    	2.06717094    	0.0    
2048.0    	2.06716393    	0.0    
2049.0    	2.06715692    	0.0    
2050.0    	2.06714993    	0.0    
2051.0    	2.06714295    	0.0    
2052.0    	2.06713598    	0.0    
2053.0    	2.06712902    	0.0    
2054.0    	2.06712207    	0.0    
2055.0    	2.06711513    	0.0    
2056.0    	2.0671082    	0.0    
2057.0    	2.06710128    	0.0    
2058.0    	2.06709437    	0.0    
2059.0    	2.06708747    	0.0    
2060.0    	2.06708058    	0.0    
2061.0    	2.0670737    	0.0    
2062.0    	2.06706683    	0.0    
2063.0    	2.06705997    	0.0    
2064.0    	2.06705312    	0.0    
2065.0    	2.06704627    	0.0    
2066.0    	2.06703944    	0.0    
2067.0    	2.06703262    	0.0    
2068.0    	2.06702581    	0.0    
2069.0    	2.06701901    	0.0    
2070.0    	2.06701222    	0.0    
2071.0    	2.06700544    	0.0    
2072.0    	2.06699867    	0.0    
2073.0    	2.06699191    	0.0    
2074.0    	2.06698516    	0.0    
2075.0    	2.06697842    	0.0    
2076.0    	2.06697169    	0.0    
2077.0    	2.06696496    	0.0    
2078.0    	2.06695825    	0.0    
2079.0    	2.06695155    	0.0    
2080.0    	2.06694486    	0.0    
2081.0    	2.06693817    	0.0    
2082.0    	2.0669315    	0.0    
2083.0    	2.06692484    	0.0    
2084.0    	2.06691818    	0.0    
2085.0    	2.06691154    	0.0    
2086.0    	2.0669049    	0.0    
2087.0    	2.06689828    	0.0    
2088.0    	2.06689166    	0.0    
2089.0    	2.06688505    	0.0    
2090.0    	2.06687846    	0.0    
2091.0    	2.06687187    	0.0    
2092.0    	2.06686529    	0.0    
2093.0    	2.06685872    	0.0    
2094.0    	2.06685216    	0.0    
2095.0    	2.06684561    	0.0    
2096.0    	2.06683907    	0.0    
2097.0    	2.06683254    	0.0    
2098.0    	2.06682602    	0.0    
2099.0    	2.06681951    	0.0    
2100.0    	2.066813    	0.0    
2101.0    	2.06680651    	0.0    
2102.0    	2.06680003    	0.0    
2103.0    	2.06679355    	0.0    
2104.0    	2.06678709    	0.0    
2105.0    	2.06678063    	0.0    
2106.0    	2.06677418    	0.0    
2107.0    	2.06676774    	0.0    
2108.0    	2.06676131    	0.0    
2109.0    	2.06675489    	0.0    
2110.0    	2.06674848    	0.0    
2111.0    	2.06674208    	0.0    
2112.0    	2.06673569    	0.0    
2113.0    	2.06672931    	0.0    
2114.0    	2.06672293    	0.0    
2115.0    	2.06671657    	0.0    
2116.0    	2.06671021    	0.0    
2117.0    	2.06670386    	0.0    
2118.0    	2.06669752    	0.0    
2119.0    	2.06669119    	0.0    
2120.0    	2.06668487    	0.0    
2121.0    	2.06667856    	0.0    
2122.0    	2.06667226    	0.0    
2123.0    	2.06666597    	0.0    
2124.0    	2.06665968    	0.0    
2125.0    	2.06665341    	0.0    
2126.0    	2.06664714    	0.0    
2127.0    	2.06664088    	0.0    
2128.0    	2.06663463    	0.0    
2129.0    	2.06662839    	0.0    
2130.0    	2.06662216    	0.0    
2131.0    	2.06661594    	0.0    
2132.0    	2.06660972    	0.0    
2133.0    	2.06660352    	0.0    
2134.0    	2.06659732    	0.0    
2135.0    	2.06659114    	0.0    
2136.0    	2.06658496    	0.0    
2137.0    	2.06657879    	0.0    
2138.0    	2.06657262    	0.0    
2139.0    	2.06656647    	0.0    
2140.0    	2.06656033    	0.0    
2141.0    	2.06655419    	0.0    
2142.0    	2.06654806    	0.0    
2143.0    	2.06654195    	0.0    
2144.0    	2.06653584    	0.0    
2145.0    	2.06652973    	0.0    
2146.0    	2.06652364    	0.0    
2147.0    	2.06651756    	0.0    
2148.0    	2.06651148    	0.0    
2149.0    	2.06650541    	0.0    
2150.0    	2.06649935    	0.0    
2151.0    	2.0664933    	0.0    
2152.0    	2.06648726    	0.0    
2153.0    	2.06648123    	0.0    
2154.0    	2.0664752    	0.0    
2155.0    	2.06646919    	0.0    
2156.0    	2.06646318    	0.0    
2157.0    	2.06645718    	0.0    
2158.0    	2.06645119    	0.0    
2159.0    	2.0664452    	0.0    
2160.0    	2.06643923    	0.0    
2161.0    	2.06643326    	0.0    
2162.0    	2.0664273    	0.0    
2163.0    	2.06642135    	0.0    
2164.0    	2.06641541    	0.0    
2165.0    	2.06640948    	0.0    
2166.0    	2.06640355    	0.0    
2167.0    	2.06639764    	0.0    
2168.0    	2.06639173    	0.0    
2169.0    	2.06638583    	0.0    
2170.0    	2.06637993    	0.0    
2171.0    	2.06637405    	0.0    
2172.0    	2.06636817    	0.0    
2173.0    	2.06636231    	0.0    
2174.0    	2.06635645    	0.0    
2175.0    	2.06635059    	0.0    
2176.0    	2.06634475    	0.0    
2177.0    	2.06633891    	0.0    
2178.0    	2.06633309    	0.0    
2179.0    	2.06632727    	0.0    
2180.0    	2.06632146    	0.0    
2181.0    	2.06631565    	0.0    
2182.0    	2.06630986    	0.0    
2183.0    	2.06630407    	0.0    
2184.0    	2.06629829    	0.0    
2185.0    	2.06629252    	0.0    
2186.0    	2.06628675    	0.0    
2187.0    	2.066281    	0.0    
2188.0    	2.06627525    	0.0    
2189.0    	2.06626951    	0.0    
2190.0    	2.06626378    	0.0    
2191.0    	2.06625805    	0.0    
2192.0    	2.06625234    	0.0    
2193.0    	2.06624663    	0.0    
2194.0    	2.06624093    	0.0    
2195.0    	2.06623523    	0.0    
2196.0    	2.06622955    	0.0    
2197.0    	2.06622387    	0.0    
2198.0    	2.0662182    	0.0    
2199.0    	2.06621254    	0.0    
2200.0    	2.06620688    	0.0    
2201.0    	2.06620124    	0.0    
2202.0    	2.0661956    	0.0    
2203.0    	2.06618997    	0.0    
2204.0    	2.06618434    	0.0    
2205.0    	2.06617873    	0.0    
2206.0    	2.06617312    	0.0    
2207.0    	2.06616752    	0.0    
2208.0    	2.06616193    	0.0    
2209.0    	2.06615634    	0.0    
2210.0    	2.06615076    	0.0    
2211.0    	2.06614519    	0.0    
2212.0    	2.06613963    	0.0    
2213.0    	2.06613408    	0.0    
2214.0    	2.06612853    	0.0    
2215.0    	2.06612299    	0.0    
2216.0    	2.06611746    	0.0    
2217.0    	2.06611193    	0.0    
2218.0    	2.06610641    	0.0    
2219.0    	2.0661009    	0.0    
2220.0    	2.0660954    	0.0    
2221.0    	2.06608991    	0.0    
2222.0    	2.06608442    	0.0    
2223.0    	2.06607894    	0.0    
2224.0    	2.06607347    	0.0    
2225.0    	2.066068    	0.0    
2226.0    	2.06606254    	0.0    
2227.0    	2.06605709    	0.0    
2228.0    	2.06605165    	0.0    
2229.0    	2.06604621    	0.0    
2230.0    	2.06604078    	0.0    
2231.0    	2.06603536    	0.0    
2232.0    	2.06602995    	0.0    
2233.0    	2.06602454    	0.0    
2234.0    	2.06601914    	0.0    
2235.0    	2.06601375    	0.0    
2236.0    	2.06600837    	0.0    
2237.0    	2.06600299    	0.0    
2238.0    	2.06599762    	0.0    
2239.0    	2.06599225    	0.0    
2240.0    	2.0659869    	0.0    
2241.0    	2.06598155    	0.0    
2242.0    	2.06597621    	0.0    
2243.0    	2.06597087    	0.0    
2244.0    	2.06596555    	0.0    
2245.0    	2.06596022    	0.0    
2246.0    	2.06595491    	0.0    
2247.0    	2.06594961    	0.0    
2248.0    	2.06594431    	0.0    
2249.0    	2.06593901    	0.0    
2250.0    	2.06593373    	0.0    
2251.0    	2.06592845    	0.0    
2252.0    	2.06592318    	0.0    
2253.0    	2.06591792    	0.0    
2254.0    	2.06591266    	0.0    
2255.0    	2.06590741    	0.0    
2256.0    	2.06590217    	0.0    
2257.0    	2.06589693    	0.0    
2258.0    	2.0658917    	0.0    
2259.0    	2.06588648    	0.0    
2260.0    	2.06588127    	0.0    
2261.0    	2.06587606    	0.0    
2262.0    	2.06587086    	0.0    
2263.0    	2.06586566    	0.0    
2264.0    	2.06586048    	0.0    
2265.0    	2.0658553    	0.0    
2266.0    	2.06585012    	0.0    
2267.0    	2.06584496    	0.0    
2268.0    	2.0658398    	0.0    
2269.0    	2.06583464    	0.0    
2270.0    	2.0658295    	0.0    
2271.0    	2.06582436    	0.0    
2272.0    	2.06581922    	0.0    
2273.0    	2.0658141    	0.0    
2274.0    	2.06580898    	0.0    
2275.0    	2.06580387    	0.0    
2276.0    	2.06579876    	0.0    
2277.0    	2.06579366    	0.0    
2278.0    	2.06578857    	0.0    
2279.0    	2.06578349    	0.0    
2280.0    	2.06577841    	0.0    
2281.0    	2.06577334    	0.0    
2282.0    	2.06576827    	0.0    
2283.0    	2.06576321    	0.0    
2284.0    	2.06575816    	0.0    
2285.0    	2.06575311    	0.0    
2286.0    	2.06574808    	0.0    
2287.0    	2.06574304    	0.0    
2288.0    	2.06573802    	0.0    
2289.0    	2.065733    	0.0    
2290.0    	2.06572799    	0.0    
2291.0    	2.06572298    	0.0    
2292.0    	2.06571798    	0.0    
2293.0    	2.06571299    	0.0    
2294.0    	2.065708    	0.0    
2295.0    	2.06570302    	0.0    
2296.0    	2.06569805    	0.0    
2297.0    	2.06569308    	0.0    
2298.0    	2.06568812    	0.0    
2299.0    	2.06568317    	0.0    
2300.0    	2.06567822    	0.0    
2301.0    	2.06567328    	0.0    
2302.0    	2.06566835    	0.0    
2303.0    	2.06566342    	0.0    
2304.0    	2.0656585    	0.0    
2305.0    	2.06565359    	0.0    
2306.0    	2.06564868    	0.0    
2307.0    	2.06564378    	0.0    
2308.0    	2.06563888    	0.0    
2309.0    	2.06563399    	0.0    
2310.0    	2.06562911    	0.0    
2311.0    	2.06562423    	0.0    
2312.0    	2.06561936    	0.0    
2313.0    	2.0656145    	0.0    
2314.0    	2.06560964    	0.0    
2315.0    	2.06560479    	0.0    
2316.0    	2.06559994    	0.0    
2317.0    	2.0655951    	0.0    
2318.0    	2.06559027    	0.0    
2319.0    	2.06558545    	0.0    
2320.0    	2.06558063    	0.0    
2321.0    	2.06557581    	0.0    
2322.0    	2.065571    	0.0    
2323.0    	2.0655662    	0.0    
2324.0    	2.06556141    	0.0    
2325.0    	2.06555662    	0.0    
2326.0    	2.06555184    	0.0    
2327.0    	2.06554706    	0.0    
2328.0    	2.06554229    	0.0    
2329.0    	2.06553753    	0.0    
2330.0    	2.06553277    	0.0    
2331.0    	2.06552802    	0.0    
2332.0    	2.06552327    	0.0    
2333.0    	2.06551853    	0.0    
2334.0    	2.0655138    	0.0    
2335.0    	2.06550907    	0.0    
2336.0    	2.06550435    	0.0    
2337.0    	2.06549963    	0.0    
2338.0    	2.06549492    	0.0    
2339.0    	2.06549022    	0.0    
2340.0    	2.06548552    	0.0    
2341.0    	2.06548083    	0.0    
2342.0    	2.06547615    	0.0    
2343.0    	2.06547147    	0.0    
2344.0    	2.06546679    	0.0    
2345.0    	2.06546213    	0.0    
2346.0    	2.06545747    	0.0    
2347.0    	2.06545281    	0.0    
2348.0    	2.06544816    	0.0    
2349.0    	2.06544352    	0.0    
2350.0    	2.06543888    	0.0    
2351.0    	2.06543425    	0.0    
2352.0    	2.06542962    	0.0    
2353.0    	2.065425    	0.0    
2354.0    	2.06542039    	0.0    
2355.0    	2.06541578    	0.0    
2356.0    	2.06541118    	0.0    
2357.0    	2.06540658    	0.0    
2358.0    	2.06540199    	0.0    
2359.0    	2.06539741    	0.0    
2360.0    	2.06539283    	0.0    
2361.0    	2.06538826    	0.0    
2362.0    	2.06538369    	0.0    
2363.0    	2.06537913    	0.0    
2364.0    	2.06537457    	0.0    
2365.0    	2.06537002    	0.0    
2366.0    	2.06536548    	0.0    
2367.0    	2.06536094    	0.0    
2368.0    	2.06535641    	0.0    
2369.0    	2.06535188    	0.0    
2370.0    	2.06534736    	0.0    
2371.0    	2.06534285    	0.0    
2372.0    	2.06533834    	0.0    
2373.0    	2.06533384    	0.0    
2374.0    	2.06532934    	0.0    
2375.0    	2.06532485    	0.0    
2376.0    	2.06532036    	0.0    
2377.0    	2.06531588    	0.0    
2378.0    	2.0653114    	0.0    
2379.0    	2.06530693    	0.0    
2380.0    	2.06530247    	0.0    
2381.0    	2.06529801    	0.0    
2382.0    	2.06529356    	0.0    
2383.0    	2.06528911    	0.0    
2384.0    	2.06528467    	0.0    
2385.0    	2.06528023    	0.0    
2386.0    	2.0652758    	0.0    
2387.0    	2.06527138    	0.0    
2388.0    	2.06526696    	0.0    
2389.0    	2.06526255    	0.0    
2390.0    	2.06525814    	0.0    
2391.0    	2.06525374    	0.0    
2392.0    	2.06524934    	0.0    
2393.0    	2.06524495    	0.0    
2394.0    	2.06524056    	0.0    
2395.0    	2.06523618    	0.0    
2396.0    	2.06523181    	0.0    
2397.0    	2.06522744    	0.0    
2398.0    	2.06522307    	0.0    
2399.0    	2.06521871    	0.0    
2400.0    	2.06521436    	0.0    
2401.0    	2.06521001    	0.0    
2402.0    	2.06520567    	0.0    
2403.0    	2.06520133    	0.0    
2404.0    	2.065197    	0.0    
2405.0    	2.06519268    	0.0    
2406.0    	2.06518836    	0.0    
2407.0    	2.06518404    	0.0    
2408.0    	2.06517973    	0.0    
2409.0    	2.06517543    	0.0    
2410.0    	2.06517113    	0.0    
2411.0    	2.06516684    	0.0    
2412.0    	2.06516255    	0.0    
2413.0    	2.06515826    	0.0    
2414.0    	2.06515399    	0.0    
2415.0    	2.06514971    	0.0    
2416.0    	2.06514545    	0.0    
2417.0    	2.06514119    	0.0    
2418.0    	2.06513693    	0.0    
2419.0    	2.06513268    	0.0    
2420.0    	2.06512843    	0.0    
2421.0    	2.06512419    	0.0    
2422.0    	2.06511996    	0.0    
2423.0    	2.06511573    	0.0    
2424.0    	2.0651115    	0.0    
2425.0    	2.06510728    	0.0    
2426.0    	2.06510307    	0.0    
2427.0    	2.06509886    	0.0    
2428.0    	2.06509465    	0.0    
2429.0    	2.06509046    	0.0    
2430.0    	2.06508626    	0.0    
2431.0    	2.06508207    	0.0    
2432.0    	2.06507789    	0.0    
2433.0    	2.06507371    	0.0    
2434.0    	2.06506954    	0.0    
2435.0    	2.06506537    	0.0    
2436.0    	2.06506121    	0.0    
2437.0    	2.06505705    	0.0    
2438.0    	2.0650529    	0.0    
2439.0    	2.06504875    	0.0    
2440.0    	2.06504461    	0.0    
2441.0    	2.06504047    	0.0    
2442.0    	2.06503634    	0.0    
2443.0    	2.06503221    	0.0    
2444.0    	2.06502809    	0.0    
2445.0    	2.06502398    	0.0    
2446.0    	2.06501986    	0.0    
2447.0    	2.06501576    	0.0    
2448.0    	2.06501166    	0.0    
2449.0    	2.06500756    	0.0    
2450.0    	2.06500347    	0.0    
2451.0    	2.06499938    	0.0    
2452.0    	2.0649953    	0.0    
2453.0    	2.06499122    	0.0    
2454.0    	2.06498715    	0.0    
2455.0    	2.06498309    	0.0    
2456.0    	2.06497902    	0.0    
2457.0    	2.06497497    	0.0    
2458.0    	2.06497092    	0.0    
2459.0    	2.06496687    	0.0    
2460.0    	2.06496283    	0.0    
2461.0    	2.06495879    	0.0    
2462.0    	2.06495476    	0.0    
2463.0    	2.06495073    	0.0    
2464.0    	2.06494671    	0.0    
2465.0    	2.06494269    	0.0    
2466.0    	2.06493868    	0.0    
2467.0    	2.06493467    	0.0    
2468.0    	2.06493067    	0.0    
2469.0    	2.06492667    	0.0    
2470.0    	2.06492268    	0.0    
2471.0    	2.06491869    	0.0    
2472.0    	2.06491471    	0.0    
2473.0    	2.06491073    	0.0    
2474.0    	2.06490676    	0.0    
2475.0    	2.06490279    	0.0    
2476.0    	2.06489883    	0.0    
2477.0    	2.06489487    	0.0    
2478.0    	2.06489091    	0.0    
2479.0    	2.06488696    	0.0    
2480.0    	2.06488302    	0.0    
2481.0    	2.06487908    	0.0    
2482.0    	2.06487514    	0.0    
2483.0    	2.06487121    	0.0    
2484.0    	2.06486729    	0.0    
2485.0    	2.06486337    	0.0    
2486.0    	2.06485945    	0.0    
2487.0    	2.06485554    	0.0    
2488.0    	2.06485163    	0.0    
2489.0    	2.06484773    	0.0    
2490.0    	2.06484383    	0.0    
2491.0    	2.06483994    	0.0    
2492.0    	2.06483605    	0.0    
2493.0    	2.06483217    	0.0    
2494.0    	2.06482829    	0.0    
2495.0    	2.06482442    	0.0    
2496.0    	2.06482055    	0.0    
2497.0    	2.06481669    	0.0    
2498.0    	2.06481283    	0.0    
2499.0    	2.06480897    	0.0    
2500.0    	2.06480512    	0.0   
2600.0          2.06480512      0.0 
2800.0          2.06480512      0.0
3100.0          2.06480512      0.0
3500.0          2.06480512      0.0
3900.0          2.06480512      0.0
4200.0          2.06480512      0.0
4500.0          2.06480512      0.0
5000.0          2.06480512      0.0
5300.0          2.06480512      0.0
5800.0          2.06480512      0.0
6100.0          2.06480512      0.0
