  0.000000  0.800000     0.950000       1700.000000   9     0.5997423740  1.1840601567e+05
  0.000000  0.850000     0.900000       1700.000000   9     0.5995980726  1.2055229556e+05
  0.050000  0.800000     0.900000       1700.000000   9     0.5981928132  1.2450689009e+05
  0.050000  0.800000     0.950000       1700.000000   9     0.5987529720  1.2177972208e+05
  0.050000  0.850000     0.850000       1700.000000   9     0.5971322417  1.2616352978e+05
  0.050000  0.850000     0.900000       1700.000000   9     0.5986240604  1.2381730654e+05
  0.050000  0.900000     0.850000       1700.000000   9     0.5976048165  1.2547858433e+05
  0.100000  0.750000     0.950000       1700.000000   9     0.5970174615  1.2871708292e+05
  0.100000  0.800000     0.850000       1700.000000   9     0.5947826369  1.3253659441e+05
  0.100000  0.800000     0.900000       1700.000000   9     0.5968853784  1.3063753712e+05
  0.100000  0.850000     0.850000       1700.000000   9     0.5959218005  1.3214234290e+05
  0.100000  0.900000     0.800000       1700.000000   9     0.5941190750  1.3311792623e+05
  0.150000  0.750000     0.900000       1700.000000   9     0.5928888906  1.4134590481e+05
  0.150000  0.750000     0.950000       1700.000000   9     0.5933868053  1.3913895628e+05
  0.150000  0.800000     0.850000       1700.000000   9     0.5921746775  1.4273833284e+05
  0.150000  0.800000     0.900000       1700.000000   9     0.5933475089  1.4092180015e+05
  0.150000  0.850000     0.800000       1700.000000   9     0.5907084407  1.4356083782e+05
  0.150000  0.850000     0.850000       1700.000000   9     0.5925159524  1.4225396765e+05
  0.150000  0.900000     0.750000       1700.000000   9     0.5884960065  1.4373463529e+05
  0.150000  0.900000     0.800000       1700.000000   9     0.5908769474  1.4304274594e+05
  0.200000  0.750000     0.900000       1700.000000   9     0.5855605652  1.5649398219e+05
  0.200000  0.800000     0.850000       1700.000000   9     0.5850342214  1.5777952713e+05
  0.200000  0.850000     0.800000       1700.000000   9     0.5838122885  1.5847665042e+05
  0.200000  0.900000     0.750000       1700.000000   9     0.5818926504  1.5853100555e+05
  0.250000  0.750000     0.900000       1700.000000   9     0.5725270845  1.7525609889e+05
  0.250000  0.800000     0.850000       1700.000000   9     0.5721063895  1.7647476806e+05
  0.250000  0.850000     0.800000       1700.000000   9     0.5710509397  1.7709127617e+05
  0.300000  0.750000     0.900000       1700.000000   9     0.5562927314  1.9500558551e+05
  0.300000  0.800000     0.850000       1700.000000   9     0.5558833993  1.9618479948e+05
  0.300000  0.850000     0.800000       1700.000000   9     0.5548964059  1.9675478168e+05
  0.350000  0.600000     0.600000       1700.000000   6     0.5153258599  2.3504218771e+05
  0.350000  0.600000     0.650000       1700.000000   6     0.5153258599  2.3504218771e+05
  0.350000  0.600000     0.700000       1700.000000   6     0.5153258599  2.3504218771e+05
  0.350000  0.600000     0.750000       1700.000000   6     0.5153258599  2.3504218771e+05
  0.350000  0.600000     0.800000       1700.000000   6     0.5153258599  2.3504218771e+05
  0.350000  0.600000     0.850000       1700.000000   6     0.5153258599  2.3504218771e+05
  0.350000  0.600000     0.900000       1700.000000   6     0.5153258599  2.3504218771e+05
  0.350000  0.600000     0.950000       1700.000000   6     0.5153258599  2.3504218771e+05
  0.350000  0.600000     1.000000       1700.000000   6     0.5153258599  2.3504218771e+05
  0.350000  0.600000     1.050000       1700.000000   6     0.5153258599  2.3504218771e+05
  0.350000  0.600000     1.100000       1700.000000   6     0.5153258599  2.3504218771e+05
  0.350000  0.600000     1.150000       1700.000000   6     0.5153258599  2.3504218771e+05
  0.350000  0.600000     1.200000       1700.000000   6     0.5153258599  2.3504218771e+05
  0.350000  0.600000     1.250000       1700.000000   6     0.5153258599  2.3504218771e+05
  0.350000  0.600000     1.300000       1700.000000   6     0.5153258599  2.3504218771e+05
  0.350000  0.600000     1.350000       1700.000000   6     0.5153258599  2.3504218771e+05
  0.350000  0.600000     1.400000       1700.000000   6     0.5153258599  2.3504218771e+05
  0.350000  0.600000     1.450000       1700.000000   6     0.5153258599  2.3504218771e+05
  0.350000  0.600000     1.500000       1700.000000   6     0.5153258599  2.3504218771e+05
  0.350000  0.600000     1.550000       1700.000000   6     0.5153258599  2.3504218771e+05
  0.350000  0.750000     0.900000       1700.000000   9     0.5396124123  2.1325956121e+05
  0.350000  0.800000     0.800000       1700.000000   9     0.5383449683  2.1491949128e+05
  0.350000  0.800000     0.850000       1700.000000   9     0.5391586855  2.1440930860e+05
  0.350000  0.850000     0.750000       1700.000000   9     0.5373086659  2.1514081181e+05
  0.350000  0.850000     0.800000       1700.000000   9     0.5381784983  2.1495072509e+05
  0.400000  0.600000     0.600000       1700.000000   6     0.5002841745  2.5639158248e+05
  0.400000  0.600000     0.650000       1700.000000   6     0.5002841745  2.5639158248e+05
  0.400000  0.600000     0.700000       1700.000000   6     0.5002841745  2.5639158248e+05
  0.400000  0.600000     0.750000       1700.000000   6     0.5002841745  2.5639158248e+05
  0.400000  0.600000     0.800000       1700.000000   6     0.5002841745  2.5639158248e+05
  0.400000  0.600000     0.850000       1700.000000   6     0.5002841745  2.5639158248e+05
  0.400000  0.600000     0.900000       1700.000000   6     0.5002841745  2.5639158248e+05
  0.400000  0.600000     0.950000       1700.000000   6     0.5002841745  2.5639158248e+05
  0.400000  0.600000     1.000000       1700.000000   6     0.5002841745  2.5639158248e+05
  0.400000  0.600000     1.050000       1700.000000   6     0.5002841745  2.5639158248e+05
  0.400000  0.600000     1.100000       1700.000000   6     0.5002841745  2.5639158248e+05
  0.400000  0.600000     1.150000       1700.000000   6     0.5002841745  2.5639158248e+05
  0.400000  0.600000     1.200000       1700.000000   6     0.5002841745  2.5639158248e+05
  0.400000  0.600000     1.250000       1700.000000   6     0.5002841745  2.5639158248e+05
  0.400000  0.600000     1.300000       1700.000000   6     0.5002841745  2.5639158248e+05
  0.400000  0.600000     1.350000       1700.000000   6     0.5002841745  2.5639158248e+05
  0.400000  0.600000     1.400000       1700.000000   6     0.5002841745  2.5639158248e+05
  0.400000  0.600000     1.450000       1700.000000   6     0.5002841745  2.5639158248e+05
  0.400000  0.600000     1.500000       1700.000000   6     0.5002841745  2.5639158248e+05
  0.400000  0.600000     1.550000       1700.000000   6     0.5002841745  2.5639158248e+05
  0.400000  0.700000     0.900000       1700.000000   9     0.5234779975  2.2793209151e+05
  0.400000  0.700000     0.950000       1700.000000   9     0.5235214923  2.2677156265e+05
  0.400000  0.750000     0.850000       1700.000000   9     0.5233304449  2.2943419548e+05
  0.400000  0.750000     0.900000       1700.000000   9     0.5234618250  2.2848463482e+05
  0.400000  0.800000     0.800000       1700.000000   9     0.5227646969  2.3031905244e+05
  0.400000  0.800000     0.850000       1700.000000   9     0.5229452677  2.2960392815e+05
  0.400000  0.850000     0.750000       1700.000000   9     0.5217649498  2.3059193578e+05
  0.450000  0.600000     0.600000       1700.000000   6     0.4857286050  2.7200979798e+05
  0.450000  0.600000     0.650000       1700.000000   6     0.4857286050  2.7200979798e+05
  0.450000  0.600000     0.700000       1700.000000   6     0.4857286050  2.7200979798e+05
  0.450000  0.600000     0.750000       1700.000000   6     0.4857286050  2.7200979798e+05
  0.450000  0.600000     0.800000       1700.000000   6     0.4857286050  2.7200979798e+05
  0.450000  0.600000     0.850000       1700.000000   6     0.4857286050  2.7200979798e+05
  0.450000  0.600000     0.900000       1700.000000   6     0.4857286050  2.7200979798e+05
  0.450000  0.600000     0.950000       1700.000000   6     0.4857286050  2.7200979798e+05
  0.450000  0.600000     1.000000       1700.000000   6     0.4857286050  2.7200979798e+05
  0.450000  0.600000     1.050000       1700.000000   6     0.4857286050  2.7200979798e+05
  0.450000  0.600000     1.100000       1700.000000   6     0.4857286050  2.7200979798e+05
  0.450000  0.600000     1.150000       1700.000000   6     0.4857286050  2.7200979798e+05
  0.450000  0.600000     1.200000       1700.000000   6     0.4857286050  2.7200979798e+05
  0.450000  0.600000     1.250000       1700.000000   6     0.4857286050  2.7200979798e+05
  0.450000  0.600000     1.300000       1700.000000   6     0.4857286050  2.7200979798e+05
  0.450000  0.600000     1.350000       1700.000000   6     0.4857286050  2.7200979798e+05
  0.450000  0.600000     1.400000       1700.000000   6     0.4857286050  2.7200979798e+05
  0.450000  0.600000     1.450000       1700.000000   6     0.4857286050  2.7200979798e+05
  0.450000  0.600000     1.500000       1700.000000   6     0.4857286050  2.7200979798e+05
  0.450000  0.600000     1.550000       1700.000000   6     0.4857286050  2.7200979798e+05
  0.450000  0.700000     0.900000       1700.000000   9     0.5087153477  2.3963072419e+05
  0.450000  0.750000     0.850000       1700.000000   9     0.5085039015  2.4112331115e+05
  0.450000  0.800000     0.800000       1700.000000   9     0.5079089745  2.4201839310e+05
  0.450000  0.850000     0.750000       1700.000000   9     0.5069181127  2.4232864521e+05
  0.500000  0.600000     0.600000       1700.000000   6     0.4717894872  2.8195569454e+05
  0.500000  0.600000     0.650000       1700.000000   6     0.4717894872  2.8195569454e+05
  0.500000  0.600000     0.700000       1700.000000   6     0.4717894872  2.8195569454e+05
  0.500000  0.600000     0.750000       1700.000000   6     0.4717894872  2.8195569454e+05
  0.500000  0.600000     0.800000       1700.000000   6     0.4717894872  2.8195569454e+05
  0.500000  0.600000     0.850000       1700.000000   6     0.4717894872  2.8195569454e+05
  0.500000  0.600000     0.900000       1700.000000   6     0.4717894872  2.8195569454e+05
  0.500000  0.600000     0.950000       1700.000000   6     0.4717894872  2.8195569454e+05
  0.500000  0.600000     1.000000       1700.000000   6     0.4717894872  2.8195569454e+05
  0.500000  0.600000     1.050000       1700.000000   6     0.4717894872  2.8195569454e+05
  0.500000  0.600000     1.100000       1700.000000   6     0.4717894872  2.8195569454e+05
  0.500000  0.600000     1.150000       1700.000000   6     0.4717894872  2.8195569454e+05
  0.500000  0.600000     1.200000       1700.000000   6     0.4717894872  2.8195569454e+05
  0.500000  0.600000     1.250000       1700.000000   6     0.4717894872  2.8195569454e+05
  0.500000  0.600000     1.300000       1700.000000   6     0.4717894872  2.8195569454e+05
  0.500000  0.600000     1.350000       1700.000000   6     0.4717894872  2.8195569454e+05
  0.500000  0.600000     1.400000       1700.000000   6     0.4717894872  2.8195569454e+05
  0.500000  0.600000     1.450000       1700.000000   6     0.4717894872  2.8195569454e+05
  0.500000  0.600000     1.500000       1700.000000   6     0.4717894872  2.8195569454e+05
  0.500000  0.600000     1.550000       1700.000000   6     0.4717894872  2.8195569454e+05
  0.550000  0.600000     0.600000       1700.000000   6     0.4586321350  2.8681417494e+05
  0.550000  0.600000     0.650000       1700.000000   6     0.4586321350  2.8681417494e+05
  0.550000  0.600000     0.700000       1700.000000   6     0.4586321350  2.8681417494e+05
  0.550000  0.600000     0.750000       1700.000000   6     0.4586321350  2.8681417494e+05
  0.550000  0.600000     0.800000       1700.000000   6     0.4586321350  2.8681417494e+05
  0.550000  0.600000     0.850000       1700.000000   6     0.4586321350  2.8681417494e+05
  0.550000  0.600000     0.900000       1700.000000   6     0.4586321350  2.8681417494e+05
  0.550000  0.600000     0.950000       1700.000000   6     0.4586321350  2.8681417494e+05
  0.550000  0.600000     1.000000       1700.000000   6     0.4586321350  2.8681417494e+05
  0.550000  0.600000     1.050000       1700.000000   6     0.4586321350  2.8681417494e+05
  0.550000  0.600000     1.100000       1700.000000   6     0.4586321350  2.8681417494e+05
  0.550000  0.600000     1.150000       1700.000000   6     0.4586321350  2.8681417494e+05
  0.550000  0.600000     1.200000       1700.000000   6     0.4586321350  2.8681417494e+05
  0.550000  0.600000     1.250000       1700.000000   6     0.4586321350  2.8681417494e+05
  0.550000  0.600000     1.300000       1700.000000   6     0.4586321350  2.8681417494e+05
  0.550000  0.600000     1.350000       1700.000000   6     0.4586321350  2.8681417494e+05
  0.550000  0.600000     1.400000       1700.000000   6     0.4586321350  2.8681417494e+05
  0.550000  0.600000     1.450000       1700.000000   6     0.4586321350  2.8681417494e+05
  0.550000  0.600000     1.500000       1700.000000   6     0.4586321350  2.8681417494e+05
  0.550000  0.600000     1.550000       1700.000000   6     0.4586321350  2.8681417494e+05
  0.600000  0.600000     0.600000       1700.000000   6     0.4464173801  2.8749566775e+05
  0.600000  0.600000     0.650000       1700.000000   6     0.4464173801  2.8749566775e+05
  0.600000  0.600000     0.700000       1700.000000   6     0.4464173801  2.8749566775e+05
  0.600000  0.600000     0.750000       1700.000000   6     0.4464173801  2.8749566775e+05
  0.600000  0.600000     0.800000       1700.000000   6     0.4464173801  2.8749566775e+05
  0.600000  0.600000     0.850000       1700.000000   6     0.4464173801  2.8749566775e+05
  0.600000  0.600000     0.900000       1700.000000   6     0.4464173801  2.8749566775e+05
  0.600000  0.600000     0.950000       1700.000000   6     0.4464173801  2.8749566775e+05
  0.600000  0.600000     1.000000       1700.000000   6     0.4464173801  2.8749566775e+05
  0.600000  0.600000     1.050000       1700.000000   6     0.4464173801  2.8749566775e+05
  0.600000  0.600000     1.100000       1700.000000   6     0.4464173801  2.8749566775e+05
  0.600000  0.600000     1.150000       1700.000000   6     0.4464173801  2.8749566775e+05
  0.600000  0.600000     1.200000       1700.000000   6     0.4464173801  2.8749566775e+05
  0.600000  0.600000     1.250000       1700.000000   6     0.4464173801  2.8749566775e+05
  0.600000  0.600000     1.300000       1700.000000   6     0.4464173801  2.8749566775e+05
  0.600000  0.600000     1.350000       1700.000000   6     0.4464173801  2.8749566775e+05
  0.600000  0.600000     1.400000       1700.000000   6     0.4464173801  2.8749566775e+05
  0.600000  0.600000     1.450000       1700.000000   6     0.4464173801  2.8749566775e+05
  0.600000  0.600000     1.500000       1700.000000   6     0.4464173801  2.8749566775e+05
  0.600000  0.600000     1.550000       1700.000000   6     0.4464173801  2.8749566775e+05
